B:\jupyter\tensorflow-yolov4-tflite\Hat416\train\002141_jpg.rf.000c9596269b9771be6c4f1fea0b284a.jpg 326,127,367,175,1 121,102,159,155,1 284,167,308,195,1 325,0,367,12,1 121,0,160,37,1
B:\jupyter\tensorflow-yolov4-tflite\Hat416\train\002111_jpg.rf.001b9c6257883fd0e9d3fad9cd3de9ed.jpg 228,146,285,212,1 139,157,297,376,2
B:\jupyter\tensorflow-yolov4-tflite\Hat416\train\001156_jpg.rf.0049698e9fda2d95d66f434c6a6c84fd.jpg 362,180,408,229,1 68,157,103,199,1 267,159,307,211,1 173,153,210,201,1
B:\jupyter\tensorflow-yolov4-tflite\Hat416\train\000771_jpg.rf.00404d689d2a50d7a5ea934c4f277926.jpg 213,71,289,165,1 132,71,221,184,1 1,60,60,216,1 213,0,290,34,1 131,0,221,34,1 0,0,60,45,1
B:\jupyter\tensorflow-yolov4-tflite\Hat416\train\000240_jpg.rf.003f96603e3a3344518050063dd8bd6f.jpg 37,256,57,275,1 175,258,189,274,1 87,170,96,184,1
B:\jupyter\tensorflow-yolov4-tflite\Hat416\train\002372_jpg.rf.0011769ca42398ec6983d64c0c586064.jpg 10,15,143,127,1
B:\jupyter\tensorflow-yolov4-tflite\Hat416\train\000981_jpg.rf.00565b26e316c17519c0c0711c86e5f7.jpg 262,133,293,167,1 261,0,293,14,1
B:\jupyter\tensorflow-yolov4-tflite\Hat416\train\003997_jpg.rf.007babd5d4eeff242b30a904bb3ef8b2.jpg 276,119,330,176,1 241,128,278,171,1 101,107,152,164,1 225,126,248,158,1 167,126,187,148,1 367,117,388,195,1 276,0,331,18,1 240,0,278,9,1 100,0,152,30,1 224,0,248,11,1 167,0,188,11,1 366,0,388,20,1
B:\jupyter\tensorflow-yolov4-tflite\Hat416\train\002832_jpg.rf.005f8e0c5451dd51b0951481c4cdd515.jpg 1,62,104,177,1 161,86,248,166,1 199,167,288,262,1 327,125,415,225,1 0,0,104,61,1 160,0,248,37,1
B:\jupyter\tensorflow-yolov4-tflite\Hat416\train\000251_jpg.rf.005ce1f4eba7d786061e2140288ae8b9.jpg 20,122,153,280,1
B:\jupyter\tensorflow-yolov4-tflite\Hat416\train\003046_jpg.rf.00a007814aec4f80170ca69c45c32705.jpg 97,180,122,210,1 225,196,244,222,1 305,184,330,209,1
B:\jupyter\tensorflow-yolov4-tflite\Hat416\train\004341_jpg.rf.00deb9fb3e4162b865ec5fc03b6662b9.jpg 1,218,12,236,1 19,219,35,236,1 42,239,61,258,1 183,209,201,231,1 147,229,161,246,1 93,220,106,234,1 65,227,78,245,1 330,247,346,264,1 360,186,374,202,1 315,194,332,211,1 280,204,294,222,1 224,207,244,228,1 213,209,228,228,1 56,215,68,231,1 74,215,87,230,1 81,219,95,236,1 164,231,176,246,0 252,202,269,221,0
B:\jupyter\tensorflow-yolov4-tflite\Hat416\train\003624_jpg.rf.00e3a029ad0e4e9ad6b792dd4f787dfd.jpg 60,140,93,176,0 25,156,46,185,0 133,151,158,177,0
B:\jupyter\tensorflow-yolov4-tflite\Hat416\train\000071_jpg.rf.00b9186b0fa3bdf38309063a3127d2ca.jpg 77,186,106,221,1 276,131,296,155,1 144,172,155,185,1 276,0,297,8,1
B:\jupyter\tensorflow-yolov4-tflite\Hat416\train\003195_jpg.rf.00fb6d856a09ef4307e62758bbf4cbd4.jpg 295,42,318,67,1 258,63,277,87,1 395,41,415,67,1
B:\jupyter\tensorflow-yolov4-tflite\Hat416\train\003108_jpg.rf.008a6946b8c6ef9fe4f7b8df37c0a77c.jpg 242,92,300,171,1 150,111,181,147,1 131,121,150,144,1 89,133,104,149,1 75,126,87,139,1 68,136,82,149,1 53,133,65,143,1 47,137,58,149,1 402,117,411,129,1 383,121,396,135,1 242,0,301,51,1 149,0,181,32,1 130,0,150,22,1 88,0,104,10,1 75,4,87,17,1 68,0,83,7,1 53,0,66,10,1 46,0,58,6,1 402,13,411,25,1 383,7,396,21,1
B:\jupyter\tensorflow-yolov4-tflite\Hat416\train\002580_jpg.rf.011b98186b474cc230a33d9b19d77a21.jpg 178,163,225,211,1 280,225,334,286,1
B:\jupyter\tensorflow-yolov4-tflite\Hat416\train\002128_jpg.rf.00c6c5ce950ba389def12382b771d6eb.jpg 91,176,167,236,1 154,125,206,175,1 154,0,207,14,1
B:\jupyter\tensorflow-yolov4-tflite\Hat416\train\002769_jpg.rf.00f3ceab421ca03c5c30317d9ef7c37c.jpg 328,156,352,184,1 136,235,166,265,1 271,175,288,199,1 386,174,404,196,1 182,225,198,241,1 173,221,186,242,1
B:\jupyter\tensorflow-yolov4-tflite\Hat416\train\003671_jpg.rf.00fc1d217b8032dc9a708948840aee95.jpg 79,246,96,264,1
B:\jupyter\tensorflow-yolov4-tflite\Hat416\train\000277_jpg.rf.00e210d8a9fc5ca3d390d0211d459143.jpg 147,156,176,195,1 199,138,241,187,1 113,141,140,177,1
B:\jupyter\tensorflow-yolov4-tflite\Hat416\train\004358_jpg.rf.00fff8448b13d58b7fe76942f70f769e.jpg 116,29,175,108,1 164,43,193,107,1 201,52,246,109,1 259,68,325,137,1 379,63,413,107,1
B:\jupyter\tensorflow-yolov4-tflite\Hat416\train\003105_jpg.rf.00c7f3b135b8c590eabe56862046c9aa.jpg 280,126,390,224,1 280,0,391,41,1
B:\jupyter\tensorflow-yolov4-tflite\Hat416\train\004891_jpg.rf.00ad4e0df84421ba391d7bb3eb3a39ef.jpg 54,180,102,222,1 178,71,257,146,1 123,230,152,252,1 177,0,257,68,1
B:\jupyter\tensorflow-yolov4-tflite\Hat416\train\001688_jpg.rf.00d484c1a98369fed8be5e6bdaf4dafe.jpg 47,134,76,172,0 94,145,122,181,0 134,143,161,176,0 1,126,20,167,0 16,152,38,181,0 69,151,90,180,0 176,159,195,183,0 198,161,212,180,0 213,146,233,175,0 230,142,248,173,1
B:\jupyter\tensorflow-yolov4-tflite\Hat416\train\003678_jpg.rf.0120024669a6cdbe9fa4436308862fb5.jpg 139,176,167,198,1 61,243,87,257,1 197,86,217,107,1 197,32,217,53,1
B:\jupyter\tensorflow-yolov4-tflite\Hat416\train\003165_jpg.rf.00a9ceb350bfc4b8cd49ce22dd80480d.jpg 301,159,326,189,0 144,154,168,182,0 227,161,248,185,0 53,154,72,178,0 97,163,114,182,0 123,175,136,194,0 189,159,208,182,0
B:\jupyter\tensorflow-yolov4-tflite\Hat416\train\000923_jpg.rf.00db8a13cc8e73c0a067680d4d626728.jpg 220,107,415,285,1
B:\jupyter\tensorflow-yolov4-tflite\Hat416\train\003754_jpg.rf.00da2c8f214dbeaf833e909025cbdb4b.jpg 134,142,184,201,1 198,128,243,189,1
B:\jupyter\tensorflow-yolov4-tflite\Hat416\train\003905_jpg.rf.00f19260a4ca5274ab2e41174e798df6.jpg 133,34,271,191,1
B:\jupyter\tensorflow-yolov4-tflite\Hat416\train\000916_jpg.rf.0132f21bf4e372dda97d24613d262021.jpg 290,136,324,175,1 179,154,204,184,1 28,167,53,198,1 148,194,177,228,1 130,164,153,196,1 243,167,269,196,1 286,172,305,198,1
B:\jupyter\tensorflow-yolov4-tflite\Hat416\train\005018_jpg.rf.0116b0686ea2409448325ab01216f6b1.jpg 260,171,304,222,1 151,157,205,221,1
B:\jupyter\tensorflow-yolov4-tflite\Hat416\train\001743_jpg.rf.013ae980069f840b52362b3cd5eb9faf.jpg 174,162,225,213,1 308,133,362,189,1
B:\jupyter\tensorflow-yolov4-tflite\Hat416\train\002511_jpg.rf.015514a7b0b5a2a5f360d5044686f21a.jpg 261,108,353,214,1 261,0,354,31,1
B:\jupyter\tensorflow-yolov4-tflite\Hat416\train\003514_jpg.rf.011f42cbc5f3df4d7029712cf18d25b5.jpg 171,138,232,217,1 93,89,169,180,1
B:\jupyter\tensorflow-yolov4-tflite\Hat416\train\000832_jpg.rf.020860ff2f2fcf11e650feccefb6be7c.jpg 17,205,81,280,0 135,221,212,307,0 1,165,23,210,0 1,142,22,176,0 50,142,82,174,0 112,136,138,167,0 226,150,254,187,0 281,147,316,191,0 319,208,392,281,0 353,164,399,216,0
B:\jupyter\tensorflow-yolov4-tflite\Hat416\train\003912_jpg.rf.01c0efd7ef91df3a4acb7516d59a88a1.jpg 218,79,278,150,1 151,69,216,126,1 218,0,279,60,1 151,13,216,70,1
B:\jupyter\tensorflow-yolov4-tflite\Hat416\train\000534_jpg.rf.0157e7526a6f66f7d8a2d457139a4273.jpg 167,131,195,166,1 104,138,133,180,1 268,127,296,166,1 218,131,242,166,1 193,115,216,148,1 249,161,278,200,0 293,141,320,176,0 130,142,158,180,0 198,145,222,179,0
B:\jupyter\tensorflow-yolov4-tflite\Hat416\train\001298_jpg.rf.021244e3526b6a70e8ecdac808975782.jpg 128,220,151,250,1 252,232,281,262,1 30,272,115,345,0 29,347,115,414,0
B:\jupyter\tensorflow-yolov4-tflite\Hat416\train\003712_jpg.rf.01063655b6f65de2b1c1c989bdc5260f.jpg 56,70,161,152,1 55,0,161,69,1
B:\jupyter\tensorflow-yolov4-tflite\Hat416\train\001670_jpg.rf.01ac6c149a0d00edc0d772fdf6b79f75.jpg 166,156,207,196,1 165,0,207,25,1
B:\jupyter\tensorflow-yolov4-tflite\Hat416\train\000702_jpg.rf.01ade85216b281e68a6618f1f3277145.jpg 189,127,217,166,1 244,129,271,165,1 362,132,394,170,1 108,130,136,166,1 304,146,328,175,1 172,145,192,171,1 37,149,52,177,1 340,154,360,176,1 217,153,237,180,1 80,152,100,179,1 52,162,68,183,1 28,154,39,181,1 270,143,289,176,1 323,154,338,180,1 189,0,218,12,1 243,0,271,10,1 108,0,137,9,1
B:\jupyter\tensorflow-yolov4-tflite\Hat416\train\004457_jpg.rf.0266c8414f94596215f1b1ae66283753.jpg 88,171,114,204,0 361,186,388,209,0 125,177,146,207,0 179,177,196,199,0 209,181,231,204,0
B:\jupyter\tensorflow-yolov4-tflite\Hat416\train\001909_jpg.rf.0242d784164c00295b32ea50da0334cf.jpg 9,152,33,190,1 69,161,92,190,1 339,168,363,198,1 226,164,249,192,1 165,161,185,191,1 206,167,222,191,1 304,178,324,203,1 142,168,156,192,1 39,175,52,197,1 55,175,73,198,1 97,176,116,199,1 127,174,145,200,1 260,169,277,195,1 385,188,398,203,1 404,192,414,208,1
B:\jupyter\tensorflow-yolov4-tflite\Hat416\train\003894_jpg.rf.0270fb78eb02f6f8a64a61b96bc95f83.jpg 199,237,225,277,1 149,233,179,271,1 238,242,269,284,1
B:\jupyter\tensorflow-yolov4-tflite\Hat416\train\001944_jpg.rf.01dc26f9a5f7c5550c836c1531ec2a6e.jpg 178,83,226,151,1
B:\jupyter\tensorflow-yolov4-tflite\Hat416\train\000048_jpg.rf.01971656c86df6aa8241882065772700.jpg 185,124,217,168,1 306,144,342,189,1 82,118,121,167,1 0,119,34,204,1 17,130,46,190,1 185,0,218,15,1 81,0,121,21,1 0,0,35,20,1
B:\jupyter\tensorflow-yolov4-tflite\Hat416\train\000900_jpg.rf.0200fee0d25de54331d7e028fe3a179b.jpg 143,219,163,246,1 192,227,211,249,1 214,170,233,192,1 285,182,299,201,0
B:\jupyter\tensorflow-yolov4-tflite\Hat416\train\003393_jpg.rf.021a48c394c392ca565230531c8f47da.jpg 66,179,85,199,1
B:\jupyter\tensorflow-yolov4-tflite\Hat416\train\003807_jpg.rf.01d59de77b8d219e5cf5b9fc0b3fb2fb.jpg 81,137,150,210,1 283,220,342,282,1
B:\jupyter\tensorflow-yolov4-tflite\Hat416\train\000555_jpg.rf.0240bf3244a1d1406e89e33a4eed356e.jpg 144,185,178,219,1 74,190,98,219,1 20,184,48,210,0 95,191,113,214,0
B:\jupyter\tensorflow-yolov4-tflite\Hat416\train\000922_jpg.rf.027a85ac88fde06d0e707d7d8cb84243.jpg 227,85,293,157,0 188,120,237,186,0 115,153,141,184,0 143,126,190,185,0 357,130,391,177,0 165,124,214,184,0 382,70,415,141,0 227,0,294,54,0 187,0,237,19,0 142,0,190,13,0 164,0,214,15,0 381,0,415,69,0
B:\jupyter\tensorflow-yolov4-tflite\Hat416\train\002165_jpg.rf.01eb1cf45b1ce965c18d5a7fce5791de.jpg 361,179,384,201,1 293,180,313,203,1 125,184,137,197,1 158,182,169,198,1 168,185,176,200,1 191,178,203,193,1 181,184,190,199,0 211,178,224,199,1 225,177,238,197,1 282,182,294,200,1 261,176,275,199,1
B:\jupyter\tensorflow-yolov4-tflite\Hat416\train\003182_jpg.rf.028d15229dba59a10e8a9116048562dd.jpg 176,81,262,161,1
B:\jupyter\tensorflow-yolov4-tflite\Hat416\train\000317_jpg.rf.02ce67d0a396d54c34b4453988dd59a2.jpg 352,141,375,165,1 224,278,236,293,1 250,296,266,313,1 136,233,150,251,1 174,235,190,250,1 352,1,375,25,1 224,373,236,388,1 250,353,266,370,1
B:\jupyter\tensorflow-yolov4-tflite\Hat416\train\005226_jpg.rf.0278bfa4bb752d0287e2c71bba38268b.jpg 170,252,192,286,1
B:\jupyter\tensorflow-yolov4-tflite\Hat416\train\003277_jpg.rf.0255fa6d09246927c3cdb1b65238dac7.jpg 54,112,148,223,1 178,149,242,224,1 274,132,286,147,1 317,137,381,206,1 373,115,415,215,1 54,0,149,61,1 178,0,243,24,1 274,26,286,41,1 317,0,382,36,1 373,0,416,58,1
B:\jupyter\tensorflow-yolov4-tflite\Hat416\train\002805_jpg.rf.019ab0c376c821d5403bf93d81369091.jpg 25,233,122,318,1 208,167,289,242,1
B:\jupyter\tensorflow-yolov4-tflite\Hat416\train\004642_jpg.rf.013b20bce2bf0e8fcacfa53a1f53c96e.jpg 122,265,170,313,1 197,177,231,213,1 181,102,207,124,1 207,44,225,68,1 0,265,19,314,1
B:\jupyter\tensorflow-yolov4-tflite\Hat416\train\004660_jpg.rf.02b9aae80e9708f30a216e90c4d92d96.jpg 183,146,229,198,1
B:\jupyter\tensorflow-yolov4-tflite\Hat416\train\003373_jpg.rf.0303b1b3f6d1fbef02625885d5b0f2f0.jpg 319,136,346,163,1 230,133,253,161,1 318,0,346,9,1 229,0,253,12,1
B:\jupyter\tensorflow-yolov4-tflite\Hat416\train\004685_jpg.rf.011ef72d791e6c5d5495f7551cb1de3d.jpg 231,115,271,166,1 306,116,337,150,1
B:\jupyter\tensorflow-yolov4-tflite\Hat416\train\004956_jpg.rf.02b51fc371fb68827147dc75889402d4.jpg 153,165,187,216,1 294,186,324,220,1 130,182,152,213,1 185,181,204,210,1 112,184,131,214,1
B:\jupyter\tensorflow-yolov4-tflite\Hat416\train\002697_jpg.rf.0370b09d8f1380c678fd4ceea1ca1526.jpg 84,109,109,141,0 116,113,138,143,0 47,101,71,147,0 237,118,259,143,0 26,100,47,144,0 153,125,163,144,0 1,69,33,163,0 140,128,152,148,0 193,123,211,149,0 182,120,195,144,0 218,121,229,140,0 286,132,297,148,0 276,127,286,146,0 83,0,109,30,0 116,0,139,26,0 47,0,72,38,0 237,0,260,21,0 25,0,47,39,0 153,0,164,14,0 1,0,34,70,0 140,0,153,11,0 193,0,212,16,0 181,0,195,19,0 217,0,229,18,0 285,0,297,7,0 276,0,287,12,0
B:\jupyter\tensorflow-yolov4-tflite\Hat416\train\003392_jpg.rf.02e424220e56f240c4e0712f296c90db.jpg 124,183,153,215,0 245,161,283,203,0 88,188,117,221,0 219,179,248,213,0 196,178,224,212,0 309,182,335,211,0
B:\jupyter\tensorflow-yolov4-tflite\Hat416\train\001560_jpg.rf.02ceae0a45e5ff1e190dc369a148475d.jpg 83,119,185,256,1 226,94,343,183,1 83,0,186,66,1 226,2,343,91,1
B:\jupyter\tensorflow-yolov4-tflite\Hat416\train\003358_jpg.rf.02e1a9f5703a9c3c3a23a9df34945e86.jpg 217,289,287,357,1 217,371,288,415,1
B:\jupyter\tensorflow-yolov4-tflite\Hat416\train\004285_jpg.rf.035578eb45ad5353bb32aa32d86b09de.jpg 58,103,228,288,1
B:\jupyter\tensorflow-yolov4-tflite\Hat416\train\004795_jpg.rf.02e342e94938b083c2aab8865dd70e22.jpg 121,127,175,201,1 80,128,254,363,2 80,365,255,415,2
B:\jupyter\tensorflow-yolov4-tflite\Hat416\train\002443_jpg.rf.02cf8319a6b08cb8166d0d2acce3533c.jpg 317,108,360,152,1 248,135,280,176,1 165,144,214,194,1 64,146,108,186,1 316,0,360,41,1 248,0,281,14,1
B:\jupyter\tensorflow-yolov4-tflite\Hat416\train\002017_jpg.rf.0290dbdd81e031257089111679648963.jpg 186,147,219,187,1 112,199,161,248,1 293,179,341,233,1 85,200,185,344,2 184,150,273,345,2 250,179,374,345,2 85,348,186,414,2 183,347,273,414,2 250,347,375,414,2
B:\jupyter\tensorflow-yolov4-tflite\Hat416\train\004845_jpg.rf.03379ac0e8b90a62dd92d0241a008687.jpg 42,213,51,224,1 1,213,7,221,1
B:\jupyter\tensorflow-yolov4-tflite\Hat416\train\005204_jpg.rf.03947ca7569cef38af20ab7b2b70ccc3.jpg 278,130,344,202,1 164,154,194,191,1 73,106,147,194,1 237,156,264,185,1 149,151,167,181,0 198,156,220,182,0 73,0,148,33,1
B:\jupyter\tensorflow-yolov4-tflite\Hat416\train\003054_jpg.rf.0310e221bc879352b4da3083a0e91419.jpg 326,207,347,231,1 258,203,271,219,1
B:\jupyter\tensorflow-yolov4-tflite\Hat416\train\000268_jpg.rf.035537bf777cbd2c5ebb823891aacd5b.jpg 168,157,197,196,1
B:\jupyter\tensorflow-yolov4-tflite\Hat416\train\000100_jpg.rf.037e103a8279b5fba73fc2b3a9a47bd7.jpg 265,81,349,177,1 265,0,350,58,1
B:\jupyter\tensorflow-yolov4-tflite\Hat416\train\000522_jpg.rf.02fdf40d36c373db18a1e8042e29f404.jpg 61,211,142,304,1 0,210,44,304,1
B:\jupyter\tensorflow-yolov4-tflite\Hat416\train\001058_jpg.rf.0386abf5bdcbf69e505811141649b802.jpg 50,185,160,343,1 215,20,287,110,1 0,185,51,344,1
B:\jupyter\tensorflow-yolov4-tflite\Hat416\train\003442_jpg.rf.0399f1f217e39dea086ec9b3e0c872ba.jpg 76,131,249,307,1 0,131,77,308,1
B:\jupyter\tensorflow-yolov4-tflite\Hat416\train\004077_jpg.rf.03a7ffed29877c51f3c0fa145ebe91cf.jpg 46,78,179,221,1 45,0,179,61,1
B:\jupyter\tensorflow-yolov4-tflite\Hat416\train\000417_jpg.rf.03fae41f7cf9d1035f580affec400f0b.jpg 258,109,347,213,1 257,0,347,30,1
B:\jupyter\tensorflow-yolov4-tflite\Hat416\train\003123_jpg.rf.03f621cf095378cf7c2ac84f5bb630e2.jpg 154,165,247,253,1
B:\jupyter\tensorflow-yolov4-tflite\Hat416\train\001317_jpg.rf.033371e55041b1ad375a3aec509b6203.jpg 72,123,111,169,1 126,283,155,319,1 282,135,309,165,1 397,102,415,151,1 375,148,400,173,1 71,0,111,16,1 126,373,155,409,1 397,0,416,37,1
B:\jupyter\tensorflow-yolov4-tflite\Hat416\train\003697_jpg.rf.03b05e05404b932eb4403ced4d9af76d.jpg 80,203,145,282,1 280,145,376,230,1 394,144,415,230,1
B:\jupyter\tensorflow-yolov4-tflite\Hat416\train\003179_jpg.rf.040817690440c92fe20e5476621a6d83.jpg 123,99,198,180,1 0,98,16,180,1
B:\jupyter\tensorflow-yolov4-tflite\Hat416\train\002346_jpg.rf.03a93c029a93ab8e5b9df70ffe593a50.jpg 333,106,391,163,1 112,113,156,164,0 268,74,299,118,0 264,111,283,140,0 333,0,392,23,1 112,0,157,16,0 268,10,299,54,0 263,0,283,18,0
B:\jupyter\tensorflow-yolov4-tflite\Hat416\train\001857_jpg.rf.043844f4a740a2921f5a596fd4b191a2.jpg 9,133,129,251,1 188,100,237,159,1 254,139,302,188,0 187,0,237,39,1
B:\jupyter\tensorflow-yolov4-tflite\Hat416\train\000347_jpg.rf.0428447cd6b8da5a32e977e8859a73e3.jpg 31,88,87,161,1 31,0,88,17,1
B:\jupyter\tensorflow-yolov4-tflite\Hat416\train\001231_jpg.rf.040ef6277517b898ee2cf74a059dfe57.jpg 80,68,200,195,1 80,0,201,69,1
B:\jupyter\tensorflow-yolov4-tflite\Hat416\train\002939_jpg.rf.044f432d80946faaf54c102ba12229f7.jpg 290,214,345,273,1 364,299,393,328,1 364,365,393,394,1
B:\jupyter\tensorflow-yolov4-tflite\Hat416\train\002028_jpg.rf.043caa0aa6570b7fbd3e6e1a3795991c.jpg 238,53,350,151,1 238,0,351,52,1
B:\jupyter\tensorflow-yolov4-tflite\Hat416\train\002807_jpg.rf.042cd61bf06bb3e14c8a5cb5ea2397ac.jpg 121,250,146,279,1 141,245,161,264,1 203,242,222,262,1 307,233,327,252,1 187,186,201,205,1
B:\jupyter\tensorflow-yolov4-tflite\Hat416\train\000362_jpg.rf.0420ffba51bf2669d5f09a095e73e0d1.jpg 184,268,192,278,1 242,202,267,233,1 34,257,43,268,1 114,272,122,282,1 59,265,65,273,1 114,410,123,414,1
B:\jupyter\tensorflow-yolov4-tflite\Hat416\train\000620_jpg.rf.047990831d706ea57c21f1ca7e8f9aaf.jpg 382,164,411,192,1
B:\jupyter\tensorflow-yolov4-tflite\Hat416\train\002685_jpg.rf.049f2ad2135f38b170e3672cc14df43f.jpg 113,148,132,174,1 142,138,166,176,1 184,158,216,198,1 223,134,267,187,1 269,161,309,210,1 306,165,325,192,1 335,157,394,226,1 134,143,145,173,1
B:\jupyter\tensorflow-yolov4-tflite\Hat416\train\000568_jpg.rf.04caa56ddd7388d30472a441d0a26d4d.jpg 67,227,76,239,1 105,233,116,247,1 182,248,192,259,1 121,91,129,105,1 121,53,129,67,1
B:\jupyter\tensorflow-yolov4-tflite\Hat416\train\005240_jpg.rf.048ef88b37707033dc54a12e56e7025b.jpg 346,106,415,205,0 312,140,360,199,0 239,127,283,180,0 155,140,210,206,0 22,95,73,160,0 345,0,415,33,0 239,0,284,12,0 21,0,73,44,0
B:\jupyter\tensorflow-yolov4-tflite\Hat416\train\001840_jpg.rf.049d1024c99ab6cdbbc34b8e9a36a356.jpg 157,180,180,203,1 233,162,261,184,1
B:\jupyter\tensorflow-yolov4-tflite\Hat416\train\000467_jpg.rf.04a5c6407e4e0651eacc0ee2d2ea7c0a.jpg 212,138,253,178,1 188,86,240,145,1 188,0,241,39,1
B:\jupyter\tensorflow-yolov4-tflite\Hat416\train\003710_jpg.rf.049aac76d0bd974856abf550d6f2eb28.jpg 174,122,227,199,1 187,52,243,109,1 187,0,244,31,1
B:\jupyter\tensorflow-yolov4-tflite\Hat416\train\003321_jpg.rf.04b79826ca4821ec880ef28ced2e4115.jpg 310,80,378,159,1 234,111,283,170,1 310,0,379,59,1 233,0,283,28,1
B:\jupyter\tensorflow-yolov4-tflite\Hat416\train\001040_jpg.rf.044d7bee1d723f4af0b13c0e1633e90c.jpg 183,179,206,207,1 309,177,333,205,1 285,176,306,201,1 273,182,288,202,1 359,174,393,206,1 402,192,410,204,0
B:\jupyter\tensorflow-yolov4-tflite\Hat416\train\001970_jpg.rf.0459271643eabd1d9b8ea6660242733b.jpg 280,140,314,182,0 143,131,174,173,0 77,143,105,175,0 200,148,221,176,0 219,154,235,174,0 263,154,278,173,0 307,149,325,169,0
B:\jupyter\tensorflow-yolov4-tflite\Hat416\train\003658_jpg.rf.045c761b487043e450335d972d9ac3bf.jpg 338,119,362,146,1 262,134,284,161,1 156,141,175,162,1 303,147,321,168,1 338,45,362,72,1 262,30,284,57,1 156,29,175,50,1 303,23,321,44,1
B:\jupyter\tensorflow-yolov4-tflite\Hat416\train\003707_jpg.rf.04c5993974a9b0bf440023ff0208c9a8.jpg 123,124,139,144,1 219,101,251,135,0 123,0,140,13,1 219,1,251,35,0
B:\jupyter\tensorflow-yolov4-tflite\Hat416\train\003148_jpg.rf.04d7cafcdfc35e1b680fe69b55c7f3c5.jpg 37,73,75,123,1 83,194,137,236,1 234,128,280,180,1 346,91,395,142,1 37,21,75,71,1 234,0,281,17,1 346,3,395,54,1
B:\jupyter\tensorflow-yolov4-tflite\Hat416\train\002556_jpg.rf.04b8dd607d14b7b60a62ba4fec3ef6e4.jpg 287,120,352,187,1 44,248,63,268,1 286,0,352,53,1 44,388,63,408,1
B:\jupyter\tensorflow-yolov4-tflite\Hat416\train\004846_jpg.rf.04d66183f5a75706e6067d63625a1f05.jpg 31,149,91,209,1 313,187,358,236,1 258,212,284,241,1
B:\jupyter\tensorflow-yolov4-tflite\Hat416\train\004140_jpg.rf.04ccd1330eb6e802ea1e319f429e427c.jpg 313,120,341,150,1 259,113,298,152,1 392,121,415,169,1 193,124,226,158,1 153,119,176,149,1 313,0,342,17,1 258,0,298,24,1 391,0,415,16,1 192,0,226,13,1 152,0,176,18,1
B:\jupyter\tensorflow-yolov4-tflite\Hat416\train\003646_jpg.rf.048e3ba303fcab213ee096219ac7b54d.jpg 37,229,49,245,1 104,223,122,250,1 86,229,98,245,1 151,221,162,238,1 164,225,176,246,1 179,230,188,249,1 244,223,257,245,1 234,229,245,246,1
B:\jupyter\tensorflow-yolov4-tflite\Hat416\train\002912_jpg.rf.0571502849204b80ceeaceac6c58a3c4.jpg 252,155,302,224,1 126,152,180,222,1
B:\jupyter\tensorflow-yolov4-tflite\Hat416\train\000384_jpg.rf.04e13c4e1a3109f5c71d277ede0e6e5f.jpg 147,71,210,158,1 146,0,210,34,1
B:\jupyter\tensorflow-yolov4-tflite\Hat416\train\003907_jpg.rf.055bac565225faa105ea7c3e0d62400e.jpg 113,168,148,202,1
B:\jupyter\tensorflow-yolov4-tflite\Hat416\train\001839_jpg.rf.0515868a40749a4598cef3207dc79bb4.jpg 121,94,160,155,1 198,72,235,126,1 257,46,288,88,1 0,93,18,155,1 404,46,414,89,1
B:\jupyter\tensorflow-yolov4-tflite\Hat416\train\003114_jpg.rf.05750efb580ea945e204769f93e8ca7e.jpg 215,143,298,235,1 34,219,65,251,1
B:\jupyter\tensorflow-yolov4-tflite\Hat416\train\002059_jpg.rf.054247697b03453c5d8b895d3e9132bf.jpg 40,108,109,196,1 39,0,109,31,1
B:\jupyter\tensorflow-yolov4-tflite\Hat416\train\001151_jpg.rf.046bc5c926af1d90e4b00ba297e0a16b.jpg 50,230,75,255,1 153,234,174,255,1 1,237,25,271,0 6,225,25,244,0 105,234,126,252,0
B:\jupyter\tensorflow-yolov4-tflite\Hat416\train\002276_jpg.rf.03968bfd2d743d5335b40c1155fd6f05.jpg 105,145,147,198,1 27,132,72,184,1 297,87,357,172,1 297,0,358,52,1
B:\jupyter\tensorflow-yolov4-tflite\Hat416\train\000610_jpg.rf.04f91d5f39c5786e0b97ff9c1fa9d7fe.jpg 241,87,329,201,1 174,30,262,126,1
B:\jupyter\tensorflow-yolov4-tflite\Hat416\train\001538_jpg.rf.05b5d567b00582ca87ada92e1662dc8f.jpg 308,193,340,227,1
B:\jupyter\tensorflow-yolov4-tflite\Hat416\train\000658_jpg.rf.0509b861506a4a3b786a53d238da3721.jpg 202,23,261,97,1 143,280,237,370,1
B:\jupyter\tensorflow-yolov4-tflite\Hat416\train\000507_jpg.rf.0591e04de36bf751f25271c1578689cb.jpg 65,226,77,241,1 93,229,106,242,1 277,234,287,245,1 339,234,352,250,1 330,236,339,250,1 188,234,199,245,1 65,406,78,414,1 92,405,106,414,1 277,403,287,414,1 339,397,352,413,1 330,397,339,411,1 188,403,199,414,1
B:\jupyter\tensorflow-yolov4-tflite\Hat416\train\004893_jpg.rf.056c25f181f6a7a6a01ac7f645223540.jpg 273,162,296,192,1 108,152,134,183,1 206,153,225,181,1 176,161,196,188,1 247,157,264,183,1
B:\jupyter\tensorflow-yolov4-tflite\Hat416\train\001890_jpg.rf.0574c9e775ca380246d16f333dc6126f.jpg 198,127,225,156,1 197,0,225,12,1
B:\jupyter\tensorflow-yolov4-tflite\Hat416\train\003563_jpg.rf.05325e339b1b5cbe05181d62543b6d7b.jpg 367,131,395,165,1 240,144,257,166,1 314,151,341,184,0 177,134,205,168,0 3,130,36,168,0 137,139,160,170,0 260,154,284,185,0 35,146,56,174,0 254,143,269,166,1 87,136,104,159,1 107,140,125,164,1 164,127,182,153,1 121,129,144,157,1
B:\jupyter\tensorflow-yolov4-tflite\Hat416\train\004286_jpg.rf.05871ff1d2c9a48954cd3e3726f6eb26.jpg 94,26,225,176,1 0,26,31,177,1
B:\jupyter\tensorflow-yolov4-tflite\Hat416\train\001274_jpg.rf.04c316b60e1fa83dc9862efcd6557fe1.jpg 160,162,200,191,1 288,77,415,313,1 130,154,245,277,2 287,0,415,78,1 287,361,415,415,1
B:\jupyter\tensorflow-yolov4-tflite\Hat416\train\001990_jpg.rf.05076e5dbea251d05c75ac9a5b306e23.jpg 327,202,389,272,1 327,397,390,414,1
B:\jupyter\tensorflow-yolov4-tflite\Hat416\train\005043_jpg.rf.05bca5217c15494be8e994ab14f01b67.jpg 199,154,230,193,1 113,174,133,203,1 167,180,179,194,1
B:\jupyter\tensorflow-yolov4-tflite\Hat416\train\003851_jpg.rf.05b5b6bb7df1943bc91a78de7b2a78c4.jpg 31,153,65,188,1
B:\jupyter\tensorflow-yolov4-tflite\Hat416\train\004608_jpg.rf.05cbdb1c18bef52e4998629a29f8cc63.jpg 258,204,281,233,0 221,216,237,239,0 184,218,198,235,0 124,223,140,242,0 43,201,71,230,0
B:\jupyter\tensorflow-yolov4-tflite\Hat416\train\003947_jpg.rf.05cbb50a9703fb8f730cd7807619e882.jpg 184,132,217,176,0 259,140,288,181,0 225,132,261,178,0 110,130,151,178,0 336,131,362,182,0 374,55,414,169,0 324,146,349,184,0 351,104,390,163,0 9,136,45,170,0 374,0,415,50,0
B:\jupyter\tensorflow-yolov4-tflite\Hat416\train\003274_jpg.rf.067a2163dce288f696dfa3e6cf4228c9.jpg 96,238,115,266,1 284,227,301,255,1 117,232,136,257,1 154,235,172,262,1 183,234,202,259,1 214,233,233,257,1 254,234,274,263,1 144,232,162,261,1
B:\jupyter\tensorflow-yolov4-tflite\Hat416\train\000630_jpg.rf.05a23b1930dbcfb1659061588892e856.jpg 396,246,410,265,0 51,224,64,241,0 64,228,82,250,0 101,228,118,246,0 136,233,150,246,0 160,237,174,255,0 196,241,215,260,0 213,236,224,250,0 222,232,236,251,0 241,242,254,255,0 251,242,269,262,0 276,246,291,263,0 310,239,328,259,0 343,243,359,262,0 370,251,387,267,0
B:\jupyter\tensorflow-yolov4-tflite\Hat416\train\000293_jpg.rf.05d3b6225230e9e11f47ef8cc6200c09.jpg 189,215,218,242,1
B:\jupyter\tensorflow-yolov4-tflite\Hat416\train\002155_jpg.rf.0566a92c3a32d7729b7778ce310a6fe5.jpg 136,166,189,222,1
B:\jupyter\tensorflow-yolov4-tflite\Hat416\train\002752_jpg.rf.05dd54c95b69f6a3d8cd18bfb0180b3e.jpg 82,156,115,189,1 280,156,306,187,1 245,153,269,188,1 325,149,362,188,1 153,150,178,180,1 368,167,392,192,1 177,164,196,189,1 317,154,336,187,1 201,161,217,189,1 397,176,415,199,1
B:\jupyter\tensorflow-yolov4-tflite\Hat416\train\001669_jpg.rf.06b1e0ac07edc595286c5f84b86d9b19.jpg 196,106,269,167,1 47,170,76,203,1 324,71,413,132,1 195,0,269,33,1 324,7,413,68,1
B:\jupyter\tensorflow-yolov4-tflite\Hat416\train\003241_jpg.rf.05b62e497c113be1cfcb75e6e9ab1e70.jpg 321,180,351,217,1 210,173,245,212,1 127,167,166,213,1 287,177,312,210,1 263,184,286,213,1 157,165,181,202,1
B:\jupyter\tensorflow-yolov4-tflite\Hat416\train\000025_jpg.rf.06b26bf3e7b9adec9f5ac5ab7ea0c8a7.jpg 53,85,149,185,1 169,131,237,215,1 283,69,389,183,1 53,0,150,54,1 283,0,390,70,1
B:\jupyter\tensorflow-yolov4-tflite\Hat416\train\000127_jpg.rf.065727798804b1687880fe0740c5dc16.jpg 311,221,338,250,1 75,202,93,219,1 166,196,188,219,1 177,159,190,174,1 157,166,171,179,1 334,156,353,175,1 386,197,403,214,1 398,162,415,184,1 362,158,374,176,1 176,0,190,8,1 333,0,353,11,1 397,0,415,5,1 362,0,375,9,1
B:\jupyter\tensorflow-yolov4-tflite\Hat416\train\001059_jpg.rf.070367627e6c2d0efebf1e86a9ef6d4c.jpg 117,190,150,232,1 241,215,276,254,1 153,219,190,257,0 0,190,22,233,1
B:\jupyter\tensorflow-yolov4-tflite\Hat416\train\000788_jpg.rf.0710c4732f765e83e349437f46ed7720.jpg 81,78,174,189,1 241,195,262,220,1 324,214,339,236,1 80,0,174,61,1
B:\jupyter\tensorflow-yolov4-tflite\Hat416\train\002949_jpg.rf.06bcf292f6db8ab6efc6df2b7af88fca.jpg 234,163,261,193,1 394,299,415,339,1 71,240,95,269,1 119,99,147,124,1 170,260,196,283,1 394,353,415,393,1 119,15,147,40,1 170,409,197,414,1
B:\jupyter\tensorflow-yolov4-tflite\Hat416\train\001740_jpg.rf.069f7a44d641b2b7df759b904880821c.jpg 124,120,155,162,1 164,109,197,151,1
B:\jupyter\tensorflow-yolov4-tflite\Hat416\train\001863_jpg.rf.06b3a141217c5e8b7d2b0badc92f0cf8.jpg 387,246,415,274,1 343,261,366,280,1
B:\jupyter\tensorflow-yolov4-tflite\Hat416\train\002893_jpg.rf.05f87e0109be1dd1f3a041f7e0f9aca7.jpg 69,117,98,150,0 292,111,319,146,0 194,195,219,228,0 272,120,293,148,0 391,85,415,139,0 130,121,155,148,0 353,115,379,144,0 9,144,26,166,0 246,132,265,160,0 159,130,175,152,0 68,0,98,22,0 291,0,319,28,0 271,0,293,19,0 391,0,416,54,0 129,0,155,18,0 353,0,380,24,0 245,0,265,7,0 159,0,176,9,0
B:\jupyter\tensorflow-yolov4-tflite\Hat416\train\004674_jpg.rf.06c75bf530a72940ebb428b49096b9c1.jpg 152,23,190,70,1 247,27,283,62,1
B:\jupyter\tensorflow-yolov4-tflite\Hat416\train\001169_jpg.rf.0709ecaf4e19d0359eca8bdff80e0178.jpg 315,125,371,186,1 53,169,90,205,1 106,167,135,202,1 184,154,218,195,1 150,180,177,214,1 254,151,294,199,1 377,89,415,163,1 315,0,372,14,1 377,0,416,50,1
B:\jupyter\tensorflow-yolov4-tflite\Hat416\train\004564_jpg.rf.06d61d7e946d581da606db92e305e4bd.jpg 89,104,147,170,0 251,109,310,176,0 352,125,399,181,0 188,141,212,175,0 213,114,252,165,0 151,142,180,186,0 139,154,155,184,0 2,125,41,196,0 89,0,148,35,0 250,0,310,30,0 351,0,399,14,0 212,0,252,25,0 1,0,41,14,0
B:\jupyter\tensorflow-yolov4-tflite\Hat416\train\002673_jpg.rf.07161e6f9bafd8571ebe6d0199331f9b.jpg 134,152,165,197,0 44,101,103,170,0 283,142,314,184,0 241,139,276,190,0 174,157,196,188,0 336,156,358,186,0 225,151,243,181,0 43,0,103,38,0
B:\jupyter\tensorflow-yolov4-tflite\Hat416\train\002849_jpg.rf.0606657135851fd19ca17bc12ab5b6bf.jpg 319,192,333,209,1 236,176,248,187,1 244,238,257,250,1 231,228,240,240,1 240,232,249,242,1
B:\jupyter\tensorflow-yolov4-tflite\Hat416\train\003564_jpg.rf.06f351aeadd7939e436e3e1ef67b01c6.jpg 75,148,89,166,1 218,167,231,184,1 142,168,155,182,1 267,196,278,205,1 91,164,103,179,1 49,148,63,166,1 35,164,47,179,1
B:\jupyter\tensorflow-yolov4-tflite\Hat416\train\003402_jpg.rf.067fbf0c32a27bf8379c06f317cf900c.jpg 121,72,239,168,1 121,0,240,67,1
B:\jupyter\tensorflow-yolov4-tflite\Hat416\train\004807_jpg.rf.07268f32f944b0cc943483265d5dfea9.jpg 258,126,288,165,1 219,118,250,162,1 159,130,201,179,1 92,104,146,171,1 139,125,168,158,1 258,0,289,13,1 218,0,250,21,1 92,0,147,35,1 138,0,168,14,1
B:\jupyter\tensorflow-yolov4-tflite\Hat416\train\000909_jpg.rf.073d6cdf09154640b1843611ba5acf13.jpg 297,60,346,116,1 296,0,346,45,1
B:\jupyter\tensorflow-yolov4-tflite\Hat416\train\003507_jpg.rf.07a8230938136a9aca049aa754aa5875.jpg 148,10,244,91,1
B:\jupyter\tensorflow-yolov4-tflite\Hat416\train\001917_jpg.rf.07e8d88e9b26717947a136a456652828.jpg 314,92,360,155,1 314,0,361,13,1
B:\jupyter\tensorflow-yolov4-tflite\Hat416\train\001097_jpg.rf.07af42f47225e55936665b98f7676dd1.jpg 301,181,332,214,0 87,184,117,222,0 324,189,354,235,0 114,182,140,216,0 19,197,78,256,0 198,178,224,209,0 384,195,413,259,0 1,206,18,255,0 368,195,394,239,0
B:\jupyter\tensorflow-yolov4-tflite\Hat416\train\003839_jpg.rf.085eb25efbf64d936248a77137649c48.jpg 71,284,85,298,1 146,278,163,297,1 185,280,199,297,1 20,281,38,297,1
B:\jupyter\tensorflow-yolov4-tflite\Hat416\train\004481_jpg.rf.085186f34c1c8354cefd52d9613be5a0.jpg 155,148,185,179,1 75,131,117,201,1 239,197,253,215,1 270,207,285,226,1
B:\jupyter\tensorflow-yolov4-tflite\Hat416\train\004895_jpg.rf.07460b138f1682908af782059f7a3012.jpg 107,102,193,173,1 107,0,194,37,1
B:\jupyter\tensorflow-yolov4-tflite\Hat416\train\000836_jpg.rf.073ace4a806c0d60269ffac64947915c.jpg 235,189,261,215,1
B:\jupyter\tensorflow-yolov4-tflite\Hat416\train\002523_jpg.rf.0857b897e56fee3def846d023df19ad6.jpg 344,161,378,200,1 5,164,29,192,1 138,165,157,189,1 96,167,116,187,1 173,161,197,187,1 159,160,177,184,1 246,176,260,195,1 264,168,282,186,1 287,173,301,188,1 310,169,328,192,1
B:\jupyter\tensorflow-yolov4-tflite\Hat416\train\002189_jpg.rf.075bd5ce3de2a5a2147203517a93a6ed.jpg 299,88,331,132,0 178,114,216,160,0 219,97,256,137,0 327,92,368,138,0 393,91,414,141,0 299,0,332,15,0 326,0,368,11,0 392,0,414,12,0
B:\jupyter\tensorflow-yolov4-tflite\Hat416\train\003869_jpg.rf.0789e30de505046c7e9b9a53f6612b84.jpg 319,53,354,92,1 223,157,306,226,1 34,62,73,103,1 156,53,220,112,1 125,104,147,138,1 0,82,18,112,1 319,13,354,52,1 34,2,73,43,1 156,0,221,52,1 0,0,19,23,1
B:\jupyter\tensorflow-yolov4-tflite\Hat416\train\000994_jpg.rf.072d07c1a1a662fd2e8fe4763be187e4.jpg 111,121,144,161,1 167,125,200,164,1 254,179,293,219,1
B:\jupyter\tensorflow-yolov4-tflite\Hat416\train\002988_jpg.rf.07a3f1eae6c67455a1542ecd9f634952.jpg 108,25,189,125,1 334,145,391,217,1 222,81,276,156,1 298,86,341,149,1 188,150,251,231,1
B:\jupyter\tensorflow-yolov4-tflite\Hat416\train\004148_jpg.rf.0846f5ae3eebce02447910f914e5ef05.jpg 32,85,97,168,1 298,110,367,196,1 31,0,97,54,1 297,0,367,29,1
B:\jupyter\tensorflow-yolov4-tflite\Hat416\train\003075_jpg.rf.07a82a520bc11f04182a2ce58861a009.jpg 273,146,302,190,1 251,161,274,195,1
B:\jupyter\tensorflow-yolov4-tflite\Hat416\train\004195_jpg.rf.078b37722c6e424555981c991412581e.jpg 173,4,227,69,1
B:\jupyter\tensorflow-yolov4-tflite\Hat416\train\003360_jpg.rf.0846de9af387c535bf29d503877f29e6.jpg 115,167,158,217,1
B:\jupyter\tensorflow-yolov4-tflite\Hat416\train\004700_jpg.rf.0790294f65ff8cea2346c6d8bc957b58.jpg 289,80,375,176,1 289,0,376,59,1
B:\jupyter\tensorflow-yolov4-tflite\Hat416\train\004985_jpg.rf.07ea2d241bdd75def5a96517f6e44c48.jpg 110,151,130,178,1 214,151,236,176,1 390,94,412,122,1 300,159,321,181,1 335,121,355,142,1 358,160,382,187,0 130,147,153,173,0 181,163,195,183,0 196,165,205,184,0 274,170,291,187,1 280,158,294,178,1 110,5,130,32,1 214,7,236,32,1 390,60,412,88,1 300,1,321,23,1 335,41,355,62,1 358,0,383,23,0 130,9,153,35,0 181,0,196,20,0 195,0,205,18,0 273,0,291,13,1 280,4,294,24,1
B:\jupyter\tensorflow-yolov4-tflite\Hat416\train\002505_jpg.rf.075a787c0c9d1de26ba63bcf4001362b.jpg 303,161,342,205,1 215,173,249,213,1
B:\jupyter\tensorflow-yolov4-tflite\Hat416\train\003459_jpg.rf.078ecd5646cbc1435f3842f91c5a22f6.jpg 238,166,302,231,1 144,172,384,344,2 63,272,87,326,2 144,348,385,414,2 63,366,88,414,2
B:\jupyter\tensorflow-yolov4-tflite\Hat416\train\004656_jpg.rf.07a405385789b45ff3cbb72377cc1f05.jpg 143,161,154,174,1 217,182,231,200,1 283,144,300,166,1
B:\jupyter\tensorflow-yolov4-tflite\Hat416\train\001418_jpg.rf.086b8d43938e3f066cd3cd74923d660b.jpg 221,132,272,209,1 285,171,309,200,1
B:\jupyter\tensorflow-yolov4-tflite\Hat416\train\000751_jpg.rf.08b090d50acf82c9ca4eea614903b6a4.jpg 336,135,369,175,1 277,117,318,165,1 91,126,134,182,1 370,133,413,186,1 174,120,211,170,1 214,138,250,182,1 33,119,75,182,1 125,151,147,184,1 1,89,42,170,1 0,0,42,16,1
B:\jupyter\tensorflow-yolov4-tflite\Hat416\train\000271_jpg.rf.0896101039ffffb50f2d018fb77df181.jpg 121,203,135,226,1 233,194,248,215,1 260,202,274,221,1 137,209,147,223,1 145,202,157,215,1
B:\jupyter\tensorflow-yolov4-tflite\Hat416\train\004755_jpg.rf.080058cbdece36b1cbb841cc70547c87.jpg 238,176,266,212,1
B:\jupyter\tensorflow-yolov4-tflite\Hat416\train\001612_jpg.rf.07f82d4a176096e91c09ea65a0a61561.jpg 173,289,205,310,1
B:\jupyter\tensorflow-yolov4-tflite\Hat416\train\001307_jpg.rf.091a1d1af0ed61e7940da6fcea47ed2e.jpg 13,56,162,250,1 12,0,162,49,1
B:\jupyter\tensorflow-yolov4-tflite\Hat416\train\000996_jpg.rf.08f36b5a1245d855fd9584f476aad193.jpg 21,91,47,118,1 159,204,177,223,1 287,248,307,279,1 235,203,250,217,1 218,192,234,210,1 36,139,57,163,1 175,139,192,158,1 286,166,306,185,1 263,118,278,138,1 53,97,68,115,1 239,116,252,130,1 294,104,304,122,1 281,122,296,141,1 66,111,80,128,1 159,170,175,186,1 140,176,152,192,1 166,131,178,144,1 151,176,164,193,1 21,21,47,48,1 263,0,278,20,1 53,23,68,41,1 239,8,252,22,1 294,16,304,34,1 280,0,296,17,1 66,11,80,28,1 166,0,179,8,1
B:\jupyter\tensorflow-yolov4-tflite\Hat416\train\004922_jpg.rf.08ab2e44ce3cc0d5499c0409fd382cd5.jpg 167,133,189,157,1 198,128,226,159,1 160,119,183,137,1 167,0,190,6,1 198,0,227,11,1 160,1,183,19,1
B:\jupyter\tensorflow-yolov4-tflite\Hat416\train\002237_jpg.rf.089b62c3d31e4e7686a5ebf50d2e71b3.jpg 66,125,130,196,1 170,145,215,221,1 164,147,266,310,2 12,131,162,323,2 66,0,131,56,1 169,0,215,36,1 164,0,267,34,2 164,339,267,415,2 12,0,163,50,2 12,326,163,415,2
B:\jupyter\tensorflow-yolov4-tflite\Hat416\train\001615_jpg.rf.08c55cbbf8caa548c70c388a9eb6634b.jpg 148,44,213,112,1 211,48,261,129,1 147,0,213,39,1 211,0,262,35,1
B:\jupyter\tensorflow-yolov4-tflite\Hat416\train\001604_jpg.rf.08be2ac85511788fdf407d68adbda5d6.jpg 223,165,248,194,1 165,193,186,212,1 190,178,214,202,1
B:\jupyter\tensorflow-yolov4-tflite\Hat416\train\000616_jpg.rf.08fac6a3b48d039000809206cf1def18.jpg 25,88,79,158,1 78,114,112,157,1 1,94,33,146,1 208,96,265,160,0 262,79,308,132,0 341,131,365,165,0 363,136,382,160,0 394,112,414,156,0 25,0,80,65,1 78,0,113,39,1 1,6,33,58,1 207,0,265,57,0 262,21,308,74,0 341,0,366,22,0 362,0,382,17,0 394,0,415,41,0
B:\jupyter\tensorflow-yolov4-tflite\Hat416\train\000541_jpg.rf.092b2583933664201de0baa3e1b55307.jpg 4,141,97,249,1 306,117,407,233,1 155,130,184,167,1 272,134,302,167,1 392,116,415,159,1 194,134,214,163,1 214,138,228,159,1 264,137,279,160,1
B:\jupyter\tensorflow-yolov4-tflite\Hat416\train\000151_jpg.rf.096a14b31aeea2a8b4f2e4bbf8bfa9e4.jpg 173,218,210,244,1 226,179,245,195,1
B:\jupyter\tensorflow-yolov4-tflite\Hat416\train\001631_jpg.rf.095450e3cefb7ca1749d604443a6bf0e.jpg 194,108,215,134,1 235,2,280,61,1
B:\jupyter\tensorflow-yolov4-tflite\Hat416\train\003453_jpg.rf.094564bed0074224871739c7509f8ccc.jpg 247,136,309,204,1 58,135,121,200,1
B:\jupyter\tensorflow-yolov4-tflite\Hat416\train\004888_jpg.rf.08ef2297e532db5cec4ddc93ed83b701.jpg 318,124,347,154,1 254,110,278,144,1 139,117,162,147,1 27,161,53,188,1 190,160,206,182,1 317,0,347,17,1 254,0,279,31,1 138,0,162,24,1
B:\jupyter\tensorflow-yolov4-tflite\Hat416\train\003921_jpg.rf.098399739368eead2f9430fc86306473.jpg 235,155,277,206,1 205,52,243,95,1 205,10,243,53,1
B:\jupyter\tensorflow-yolov4-tflite\Hat416\train\001718_jpg.rf.08c185106984ef00ab13ef90cb9e7320.jpg 337,131,367,165,1 374,126,400,159,1 286,128,307,157,1 162,130,182,157,1 221,132,245,161,1 267,129,284,155,1 115,139,134,164,1 197,132,214,156,1 32,131,51,157,1 66,169,91,189,1 74,138,88,157,1 306,134,326,168,1 213,138,230,165,1
B:\jupyter\tensorflow-yolov4-tflite\Hat416\train\000085_jpg.rf.08e9b644f904f92ebc80164d956026ec.jpg 145,183,175,220,0 77,184,104,218,0
B:\jupyter\tensorflow-yolov4-tflite\Hat416\train\000979_jpg.rf.098b4556a442940088bd9de9d77d1452.jpg 191,175,206,196,0 23,166,46,191,0 81,172,101,196,0 73,172,86,190,0 109,168,126,191,0 120,178,136,197,0 139,179,156,202,0 156,181,170,201,0 260,173,283,197,0 391,182,405,201,0 383,185,394,202,0 334,185,353,206,0 296,178,313,199,0
B:\jupyter\tensorflow-yolov4-tflite\Hat416\train\004028_jpg.rf.098caf5b19f65bc8ca4cbd6afa739b04.jpg 150,196,173,219,1 189,172,217,197,1 238,72,266,101,1
B:\jupyter\tensorflow-yolov4-tflite\Hat416\train\005066_jpg.rf.096a8ad758493e5c2716e7dfb840aaec.jpg 236,186,249,203,1 261,181,276,199,1 289,199,308,217,1
B:\jupyter\tensorflow-yolov4-tflite\Hat416\train\003589_jpg.rf.09ac1f1180f00b4916101089bc0d9112.jpg 248,143,278,181,1 307,144,333,173,1 272,156,290,180,1 36,115,55,134,1 167,179,178,195,1 229,162,242,180,1 182,173,198,187,1 163,168,178,180,1 248,0,279,36,1 307,6,333,35,1 272,0,291,23,1 36,45,55,64,1 228,0,242,17,1 182,0,199,6,1 162,0,178,11,1
B:\jupyter\tensorflow-yolov4-tflite\Hat416\train\003502_jpg.rf.099ea7ba9e63b2e9ca8df3018d07d929.jpg 185,233,207,259,1 281,232,304,254,1 393,232,416,254,1
B:\jupyter\tensorflow-yolov4-tflite\Hat416\train\004992_jpg.rf.07f6ebbf1ce90947af091c89f5f4b861.jpg 256,32,300,86,1
B:\jupyter\tensorflow-yolov4-tflite\Hat416\train\004173_jpg.rf.09350bd86bda484490a84931aea5f7d9.jpg 91,314,143,373,1 206,314,261,378,1 249,351,297,403,1 166,364,198,399,1
B:\jupyter\tensorflow-yolov4-tflite\Hat416\train\000280_jpg.rf.09b6ab74b528c199fc5428e8aeff5ff2.jpg 157,148,190,196,1 140,171,148,181,1
B:\jupyter\tensorflow-yolov4-tflite\Hat416\train\004768_jpg.rf.0a303389917e45c65f90f8c5b7f7a8fc.jpg 231,161,279,209,1 176,126,225,173,1
B:\jupyter\tensorflow-yolov4-tflite\Hat416\train\001931_jpg.rf.09fae63c3c543ddb567dbf06286dd737.jpg 165,165,231,251,1
B:\jupyter\tensorflow-yolov4-tflite\Hat416\train\000272_jpg.rf.09de4ca75c16412a0f5ff990a634dfbc.jpg 213,55,295,133,1 213,0,296,50,1
B:\jupyter\tensorflow-yolov4-tflite\Hat416\train\001824_jpg.rf.09a0611534232e2a5343f116274fc1d2.jpg 193,197,212,218,1
B:\jupyter\tensorflow-yolov4-tflite\Hat416\train\000915_jpg.rf.09cc985f0af88b69fe61ba8acb67bd64.jpg 122,112,148,146,1 72,109,99,143,1 203,197,244,250,1 171,191,203,236,1 122,0,149,27,1 71,0,99,30,1
B:\jupyter\tensorflow-yolov4-tflite\Hat416\train\002566_jpg.rf.09faf329d5a4ed7a23658ef46ea4b75d.jpg 148,151,228,231,1
B:\jupyter\tensorflow-yolov4-tflite\Hat416\train\000140_jpg.rf.0a142c2f2a82af793e57db8c862cc0f6.jpg 227,206,254,235,1
B:\jupyter\tensorflow-yolov4-tflite\Hat416\train\000448_jpg.rf.0a593f78d8bc2d5d2b40165c4e4c9344.jpg 324,225,383,289,1 238,233,297,302,1 237,397,297,415,1
B:\jupyter\tensorflow-yolov4-tflite\Hat416\train\001511_jpg.rf.0a28237fc33fea8ec02cf7a6e8213e28.jpg 97,108,132,148,1 135,87,166,121,1 185,110,211,142,1 209,120,228,146,1 316,96,347,131,1 235,109,266,143,1 222,114,236,133,1 0,108,8,149,1 382,96,413,131,1
B:\jupyter\tensorflow-yolov4-tflite\Hat416\train\005058_jpg.rf.0a0d6a271311d1adf8228972dd5e55e7.jpg 134,104,183,163,1 103,153,123,173,1 231,119,249,139,1 278,120,319,168,1 134,18,183,77,1 103,7,123,27,1 231,41,249,61,1 278,12,319,60,1
B:\jupyter\tensorflow-yolov4-tflite\Hat416\train\004117_jpg.rf.0a14c61ac67148817f63af6d692b745d.jpg 287,279,298,295,1
B:\jupyter\tensorflow-yolov4-tflite\Hat416\train\003259_jpg.rf.0a09f969d0045b943329f4e8e859a52b.jpg 103,189,136,227,1 277,168,315,215,1 113,228,139,262,1 181,249,197,275,1 225,269,252,294,1 5,189,38,227,1 376,168,414,215,1 1,228,27,262,1
B:\jupyter\tensorflow-yolov4-tflite\Hat416\train\002127_jpg.rf.0a642389755589a074e3a2e35c8f4d0f.jpg 192,185,218,213,1
B:\jupyter\tensorflow-yolov4-tflite\Hat416\train\000883_jpg.rf.0a77ab2fa4157c91753765ed6f32ae60.jpg 63,91,170,205,1 62,0,170,48,1
B:\jupyter\tensorflow-yolov4-tflite\Hat416\train\002365_jpg.rf.0a731fe333e5a56ef65f896975cf82f2.jpg 135,166,166,197,1 56,193,82,227,1 221,153,249,185,1 292,153,317,179,1 221,0,250,8,1 291,0,317,8,1
B:\jupyter\tensorflow-yolov4-tflite\Hat416\train\000239_jpg.rf.0a4dba0a0197da6f09c153c7dac85164.jpg 192,73,226,109,1 261,166,274,184,1 252,173,265,188,1 204,207,213,221,1 192,29,226,65,1
B:\jupyter\tensorflow-yolov4-tflite\Hat416\train\002016_jpg.rf.09ff26b10d29dbfd4f8c41cfc414a5d9.jpg 268,102,380,198,1 102,77,188,180,1 122,155,184,231,1 231,157,277,220,1 102,0,189,28,1
B:\jupyter\tensorflow-yolov4-tflite\Hat416\train\003078_jpg.rf.0a772eb0c7979a0c2ce9fae5919d18b1.jpg 339,184,365,218,1 20,212,46,246,1 248,207,274,232,1 233,126,250,150,1
B:\jupyter\tensorflow-yolov4-tflite\Hat416\train\003538_jpg.rf.0a4db351755f34afb6e960f8ecf26eba.jpg 204,346,229,384,1 147,350,172,375,1 246,183,269,199,1 142,352,188,415,2 188,350,239,415,2 210,177,267,277,2
B:\jupyter\tensorflow-yolov4-tflite\Hat416\train\000105_jpg.rf.0a80b9223c01f0655ef41b45a5ccb20d.jpg 134,151,178,201,1 70,192,100,229,1
B:\jupyter\tensorflow-yolov4-tflite\Hat416\train\000635_jpg.rf.0a1a5de5ae2f49876e69c48b2abcfb38.jpg 136,190,150,208,1 213,222,224,236,1 128,190,155,285,2 205,224,232,263,2
B:\jupyter\tensorflow-yolov4-tflite\Hat416\train\003188_jpg.rf.0b116299474da2bb73b0859903e2dd2a.jpg 330,144,358,183,1 170,165,190,191,1 294,166,314,190,1 106,165,125,190,1 34,152,58,178,1 243,169,262,194,1 216,178,229,197,1 89,175,104,189,0
B:\jupyter\tensorflow-yolov4-tflite\Hat416\train\001968_jpg.rf.0a973671d9dd989496fb5e0cbb226a76.jpg 81,180,105,208,0 175,189,195,214,0 132,178,154,205,0 213,186,230,212,0 255,187,273,212,0 288,194,311,219,0
B:\jupyter\tensorflow-yolov4-tflite\Hat416\train\005145_jpg.rf.0acacd77f6538fbfdaff36648f5eed3b.jpg 297,69,396,168,1 91,74,187,185,1 183,69,262,143,1 296,0,396,70,1 91,0,188,65,1 182,0,262,70,1
B:\jupyter\tensorflow-yolov4-tflite\Hat416\train\001047_jpg.rf.0ae1e4a6f188b30e4523debaeb3de2a6.jpg 169,193,183,210,1 210,190,223,206,1 308,191,319,204,1
B:\jupyter\tensorflow-yolov4-tflite\Hat416\train\002762_jpg.rf.0ade737c086bd5caf8580925ac80a9c8.jpg 215,74,244,115,1 132,208,161,242,1 295,115,338,152,1 98,185,134,232,1 182,92,206,126,1 214,0,244,31,1 182,0,207,13,1
B:\jupyter\tensorflow-yolov4-tflite\Hat416\train\004741_jpg.rf.0a2564566205302038ca450466f851e7.jpg 141,113,194,171,1 118,83,156,127,1 206,244,271,316,1 227,136,272,179,1 272,109,295,144,1 227,202,271,247,1 332,196,364,228,1 329,123,354,151,0
B:\jupyter\tensorflow-yolov4-tflite\Hat416\train\002278_jpg.rf.0b1e073a8a32da60bbd1a7515b8a8a0b.jpg 214,138,300,236,1
B:\jupyter\tensorflow-yolov4-tflite\Hat416\train\001934_jpg.rf.0b1958759af56fed028e182afc453b35.jpg 216,125,260,175,1 216,0,261,14,1
B:\jupyter\tensorflow-yolov4-tflite\Hat416\train\000059_jpg.rf.0b318c51ef05be72b848d305418d28d5.jpg 344,121,413,205,1 28,96,102,178,1 88,123,134,187,0 343,0,413,18,1 28,0,103,43,1 88,0,135,16,0
B:\jupyter\tensorflow-yolov4-tflite\Hat416\train\004453_jpg.rf.0a0c4b5bae4475b765fef6bab2fbd6c9.jpg 155,151,180,180,1
B:\jupyter\tensorflow-yolov4-tflite\Hat416\train\002214_jpg.rf.0ad22464cc3442f09953e9db412a7876.jpg 188,85,307,217,1 187,0,307,40,1
B:\jupyter\tensorflow-yolov4-tflite\Hat416\train\001037_jpg.rf.0b2577f78ad1555a09b0c96a43ea8257.jpg 290,119,344,178,1 248,101,295,166,1
B:\jupyter\tensorflow-yolov4-tflite\Hat416\train\002853_jpg.rf.09e6f8b39e1ac0feabac8243ba1d8d4d.jpg 227,107,276,140,1 226,0,276,32,1
B:\jupyter\tensorflow-yolov4-tflite\Hat416\train\002182_jpg.rf.09e6818ff2f6fb330f86a3dae4fd57b6.jpg 199,172,225,201,1 156,173,178,202,1
B:\jupyter\tensorflow-yolov4-tflite\Hat416\train\003201_jpg.rf.0ad54a3cf4cf956547c33a14c9f86b39.jpg 336,131,365,165,0 294,140,308,164,0
B:\jupyter\tensorflow-yolov4-tflite\Hat416\train\001483_jpg.rf.0b25d64d2e19103ece49fc05c8e9119b.jpg 269,156,292,184,1 238,200,262,225,1 228,183,252,202,1
B:\jupyter\tensorflow-yolov4-tflite\Hat416\train\002866_jpg.rf.0a8ccc14b5172c37314ea02a683b843d.jpg 26,154,47,179,1 94,145,124,179,1 60,158,70,172,1 316,114,380,193,1
B:\jupyter\tensorflow-yolov4-tflite\Hat416\train\004346_jpg.rf.0af5ad31db9a94a143d565f017d8f00f.jpg 191,101,240,173,1 67,78,161,179,1 296,151,347,205,1 266,170,293,206,1 140,172,165,209,1 156,182,175,221,1 190,0,240,38,1 67,0,162,61,1
B:\jupyter\tensorflow-yolov4-tflite\Hat416\train\001861_jpg.rf.0b501b678b8272d36130d5bc5285a5b9.jpg 269,236,299,274,1 359,207,385,242,1 189,236,223,278,1 293,228,319,259,1 382,203,405,235,1 64,196,89,229,1 63,236,88,268,1 245,207,269,235,1 94,255,129,306,1 312,194,337,230,1 208,221,236,249,1 113,222,134,250,1 221,199,242,223,1 181,186,201,211,1 164,220,186,245,1 93,385,129,415,1
B:\jupyter\tensorflow-yolov4-tflite\Hat416\train\004812_jpg.rf.0b83d1885092aee268d3ac8969b3dab5.jpg 130,211,140,226,1 239,208,251,224,1 351,210,361,225,1 404,196,414,211,1 289,207,299,221,1 279,208,289,218,1 58,212,72,223,0
B:\jupyter\tensorflow-yolov4-tflite\Hat416\train\001181_jpg.rf.0bbb79f24aa26e247f04614d046c3484.jpg 188,140,247,197,1
B:\jupyter\tensorflow-yolov4-tflite\Hat416\train\002324_jpg.rf.0ad5a43b9d763b074f8f30ee90757496.jpg 104,254,137,296,1 386,199,410,235,1 21,253,53,290,0 170,221,201,256,0 248,191,274,224,0 103,394,137,414,1 21,400,54,414,0
B:\jupyter\tensorflow-yolov4-tflite\Hat416\train\004415_jpg.rf.0babbd22e215eeba1b96c98691776f08.jpg 182,189,201,217,1 134,152,159,184,1
B:\jupyter\tensorflow-yolov4-tflite\Hat416\train\003171_jpg.rf.0b85b2cfeb426e680a155d3e32fdf4a4.jpg 335,165,362,194,1 130,136,154,167,1 178,174,189,191,1 267,149,280,168,1 295,177,304,190,1 380,165,394,185,1
B:\jupyter\tensorflow-yolov4-tflite\Hat416\train\003954_jpg.rf.0b376c694e3e3b7966f868f4de0536a4.jpg 112,179,135,205,1 191,173,210,194,1 239,176,263,200,1 364,179,394,205,1
B:\jupyter\tensorflow-yolov4-tflite\Hat416\train\001168_jpg.rf.0bc2166491be5cb376ab63f8301729fe.jpg 106,85,237,227,1 105,0,237,82,1
B:\jupyter\tensorflow-yolov4-tflite\Hat416\train\001385_jpg.rf.0b5bbaacd010a066daac245e50c626eb.jpg 60,164,76,188,1 103,163,117,185,1 131,163,147,187,1 171,163,186,188,1 200,170,216,191,1 233,172,248,197,1 268,170,283,194,1 305,171,323,193,1 345,174,359,196,1
B:\jupyter\tensorflow-yolov4-tflite\Hat416\train\001300_jpg.rf.0b78485f6be4d0555b129650a566724d.jpg 121,262,131,275,1 160,235,191,264,1
B:\jupyter\tensorflow-yolov4-tflite\Hat416\train\001868_jpg.rf.0b4ba0e335e8f334401abec9305d38a3.jpg 73,127,86,147,1
B:\jupyter\tensorflow-yolov4-tflite\Hat416\train\002131_jpg.rf.0bbe866180d2e535484c3760c609cf0c.jpg 128,134,169,178,1 318,141,342,167,1
B:\jupyter\tensorflow-yolov4-tflite\Hat416\train\005150_jpg.rf.0bd0ef2b6d0b7da6eb70e46eb9fd32eb.jpg 316,69,358,113,1 316,25,358,69,1
B:\jupyter\tensorflow-yolov4-tflite\Hat416\train\001364_jpg.rf.0bdcee69394f140e46414ebe181f3397.jpg 114,270,151,309,1 230,303,244,317,1 351,76,370,93,1 113,403,151,414,1 230,395,244,409,1 351,26,370,43,1
B:\jupyter\tensorflow-yolov4-tflite\Hat416\train\003317_jpg.rf.0bdafabb6de2a1bd91f75ca24667eb66.jpg 304,156,349,201,1 356,156,401,201,1
B:\jupyter\tensorflow-yolov4-tflite\Hat416\train\002993_jpg.rf.0b75c1e31923b5cc03080b81cb0344f2.jpg 266,134,289,161,1 201,163,219,185,1 297,150,310,169,1 319,152,333,172,1 247,166,263,192,1 355,135,363,161,1 394,152,408,172,1 364,135,372,161,1
B:\jupyter\tensorflow-yolov4-tflite\Hat416\train\000691_jpg.rf.0b8473361cc7d9fb16079eaae1764bfd.jpg 8,154,27,185,1 63,179,88,210,1 345,180,370,202,1 66,76,83,98,1 80,139,99,164,1 337,121,356,143,1 388,114,414,137,1 87,75,103,95,1 153,91,173,113,1 260,147,279,169,0 336,244,361,263,0 284,93,304,113,0 66,40,83,62,1 336,0,356,18,1 388,2,414,25,1 87,43,103,63,1 153,25,173,47,1 284,25,304,45,0
B:\jupyter\tensorflow-yolov4-tflite\Hat416\train\002865_jpg.rf.0b340369ad8450db3633eb42d7f6e50b.jpg 116,95,143,124,1 193,102,227,139,1 116,15,143,44,1 193,0,228,37,1
B:\jupyter\tensorflow-yolov4-tflite\Hat416\train\004886_jpg.rf.0be047a48422e2c67e2837d58315f527.jpg 273,208,300,236,1 214,231,231,252,1
B:\jupyter\tensorflow-yolov4-tflite\Hat416\train\004546_jpg.rf.0c0bf1f170b7f3bbdf565b7232e85564.jpg 130,109,168,158,1 243,88,282,135,1 130,0,169,30,1 243,4,282,51,1
B:\jupyter\tensorflow-yolov4-tflite\Hat416\train\001479_jpg.rf.0bf3aeaaa6465242d1d12831ee92f434.jpg 199,172,226,207,0 114,145,152,192,0
B:\jupyter\tensorflow-yolov4-tflite\Hat416\train\000168_jpg.rf.0bf2f11bad6ebf7bb17bf661c202c16c.jpg 69,104,232,287,1
B:\jupyter\tensorflow-yolov4-tflite\Hat416\train\003468_jpg.rf.0b719b777c2cede7530f3835897221fd.jpg 71,193,107,241,1 124,169,185,238,1 200,157,264,237,1 31,193,67,241,1 0,168,15,238,1
B:\jupyter\tensorflow-yolov4-tflite\Hat416\train\001991_jpg.rf.0bc9368322f5c0b144bb4747bce126b0.jpg 91,171,196,289,1 200,26,246,78,1
B:\jupyter\tensorflow-yolov4-tflite\Hat416\train\003021_jpg.rf.0c255824aa996c167b00643bf8e228b2.jpg 194,150,238,198,1 252,136,296,188,1
B:\jupyter\tensorflow-yolov4-tflite\Hat416\train\000529_jpg.rf.0c3e9019783e264d19f3c705a1a71957.jpg 108,61,157,118,1 107,0,157,44,1
B:\jupyter\tensorflow-yolov4-tflite\Hat416\train\002500_jpg.rf.0c525ff7b9202f6ed81fbcc8a1ce7831.jpg 37,137,105,207,1 314,161,341,185,1 90,154,138,206,1 188,151,224,200,1 347,165,367,187,1 369,160,388,184,1 285,170,299,194,1 275,174,283,188,1 37,0,106,46,1 313,0,341,22,1 90,0,139,29,1 188,0,225,32,1 347,0,368,18,1 368,0,388,23,1 285,0,300,13,1 275,0,284,9,1
B:\jupyter\tensorflow-yolov4-tflite\Hat416\train\002002_jpg.rf.0c31945ce3212e966e16f99ca9871b6d.jpg 177,188,197,217,0 209,188,229,216,0 20,185,40,208,0 135,189,156,215,0 59,188,79,211,0 242,188,259,213,0 266,186,284,209,0 337,187,355,205,0 97,187,117,213,0 299,189,320,212,0 375,197,392,217,0
B:\jupyter\tensorflow-yolov4-tflite\Hat416\train\003325_jpg.rf.0c39b73f8fbd167585882289087faf3e.jpg 351,192,411,246,0 52,199,86,235,0 30,192,52,223,0 258,181,282,210,0 10,214,64,273,0 1,191,16,215,0 137,187,152,208,0 167,184,188,206,0 201,182,222,207,0 19,192,38,212,0
B:\jupyter\tensorflow-yolov4-tflite\Hat416\train\002532_jpg.rf.0cc8d54d2b360fa57e5402d53edae103.jpg 42,166,70,199,1 179,162,209,195,0 99,162,123,189,0 208,164,231,189,0 6,175,25,199,0 238,172,254,193,0 259,168,275,193,1 314,173,328,193,0 328,177,343,194,0 338,167,349,181,0
B:\jupyter\tensorflow-yolov4-tflite\Hat416\train\001680_jpg.rf.0c5c6aceea85a79a7a2404a54a6edc68.jpg 212,197,227,214,1 230,200,251,218,1 266,198,283,212,1 304,183,320,203,1 315,197,329,212,1
B:\jupyter\tensorflow-yolov4-tflite\Hat416\train\000655_jpg.rf.0ce77cb20f852ab2b814b05cc40f9adb.jpg 112,79,205,173,1 207,54,281,131,1 111,0,205,30,1 207,0,282,55,1
B:\jupyter\tensorflow-yolov4-tflite\Hat416\train\000343_jpg.rf.0c2f20c5673eb0132c8f6d63906c5f2d.jpg 128,91,190,173,1 128,0,191,48,1
B:\jupyter\tensorflow-yolov4-tflite\Hat416\train\000157_jpg.rf.0c0bcc5852a422da93d09f2dc6e046a9.jpg 315,107,376,169,1 256,79,296,128,1 19,137,51,174,1 60,149,81,173,1 184,88,205,116,1 213,104,235,124,1 314,0,376,32,1 256,11,296,60,1 184,22,205,50,1 213,14,235,34,1
B:\jupyter\tensorflow-yolov4-tflite\Hat416\train\005187_jpg.rf.0c1beb4d25f51eae1a70ab2bf6304aea.jpg 136,138,177,184,1
B:\jupyter\tensorflow-yolov4-tflite\Hat416\train\004029_jpg.rf.0c5c615d8dc20133e108e813eca4234a.jpg 151,156,174,185,1 229,135,248,160,1
B:\jupyter\tensorflow-yolov4-tflite\Hat416\train\001716_jpg.rf.0cc318ed1a72a3582b8fe6095646020e.jpg 153,94,200,142,1 177,101,241,161,1 386,117,411,145,1 298,114,325,142,1 343,153,367,179,1 277,129,308,162,1 302,71,322,97,0 257,79,275,102,0 225,77,250,102,0 113,107,134,132,0 127,76,150,102,0 193,77,215,102,0 70,72,87,95,0
B:\jupyter\tensorflow-yolov4-tflite\Hat416\train\005086_jpg.rf.0cc0605e5ed5dfc103926920cfb600c3.jpg 145,138,179,182,1 256,145,303,201,1
B:\jupyter\tensorflow-yolov4-tflite\Hat416\train\004143_jpg.rf.0c6e5c1c9c8805f3b12c28341e6d26e5.jpg 313,191,344,230,1 101,185,138,226,1 36,193,62,222,1 67,178,95,206,1 212,170,236,198,1
B:\jupyter\tensorflow-yolov4-tflite\Hat416\train\004978_jpg.rf.0cd5eb9b3507044f9cdcc2f2abee4f0b.jpg 31,156,56,185,1 241,180,264,202,1 120,180,139,204,1 141,166,157,187,1 315,185,330,208,1
B:\jupyter\tensorflow-yolov4-tflite\Hat416\train\004238_jpg.rf.0c3465deac398afe856c752cc9d98852.jpg 67,261,95,291,1 158,264,190,290,1 7,261,35,291,1
B:\jupyter\tensorflow-yolov4-tflite\Hat416\train\003269_jpg.rf.0caba8d7f89e7ac4a31fef4b652ab084.jpg 169,129,232,213,1
B:\jupyter\tensorflow-yolov4-tflite\Hat416\train\000824_jpg.rf.0c5233f324f3ca3b612ff0b180be9a3f.jpg 103,44,170,126,1 236,93,352,228,1
B:\jupyter\tensorflow-yolov4-tflite\Hat416\train\000229_jpg.rf.0cf195fa69c6cb76fd05b61fbf8d4e19.jpg 148,100,224,182,1 287,72,365,163,1 148,0,225,21,1 287,0,366,49,1
B:\jupyter\tensorflow-yolov4-tflite\Hat416\train\000015_jpg.rf.0c0cedbd11befb87888bc8887dca5a52.jpg 389,248,412,277,1 267,198,287,222,1
B:\jupyter\tensorflow-yolov4-tflite\Hat416\train\005215_jpg.rf.0c3bc4a4b40f03461eb7ae77a252210a.jpg 313,208,347,252,1 203,198,239,247,1 257,204,298,253,1 64,211,103,261,1 130,220,166,271,1
B:\jupyter\tensorflow-yolov4-tflite\Hat416\train\003833_jpg.rf.0c6929cb9362e0f95beed22139bcb644.jpg 123,127,171,189,0 88,145,117,185,0 181,121,226,176,0 304,118,362,176,0
B:\jupyter\tensorflow-yolov4-tflite\Hat416\train\000508_jpg.rf.0cf635ed51999111606c62912f7b453d.jpg 167,142,220,203,1
B:\jupyter\tensorflow-yolov4-tflite\Hat416\train\003230_jpg.rf.0cf81078ac47a8c7a53a17fb3c9aee29.jpg 350,280,379,309,1 61,260,93,289,1 266,183,284,205,1 350,384,379,413,1 61,403,94,414,1
B:\jupyter\tensorflow-yolov4-tflite\Hat416\train\003752_jpg.rf.0cfbf824b32567054375cdabe280dc43.jpg 124,144,156,181,1 316,128,348,167,1 293,160,331,201,1 176,145,205,186,1 197,157,228,192,1 255,175,284,200,1 366,130,391,159,1 245,168,272,193,1 316,0,349,17,1 365,0,391,15,1
B:\jupyter\tensorflow-yolov4-tflite\Hat416\train\000605_jpg.rf.0c32e7a0bc3cb35efb487e563bd531d2.jpg 139,150,168,187,0 10,134,65,199,0 357,158,385,200,0 258,155,292,199,0 63,157,97,207,0 290,140,329,190,0 231,160,258,194,0 180,138,214,192,0 207,149,228,188,0
B:\jupyter\tensorflow-yolov4-tflite\Hat416\train\003071_jpg.rf.0d11bfd21c401e3cee4799e6d8902ba4.jpg 116,94,144,131,1 187,168,201,187,1 223,139,241,165,1 314,70,347,110,1 116,8,144,45,1 314,28,347,68,1
B:\jupyter\tensorflow-yolov4-tflite\Hat416\train\002978_jpg.rf.0d5f22137d82dc70e9055cd7013a1305.jpg 204,102,281,183,1
B:\jupyter\tensorflow-yolov4-tflite\Hat416\train\001454_jpg.rf.0d0d08f99007ac2eb8c92135d90ecb64.jpg 160,114,212,191,1 261,74,333,158,1 243,122,298,205,1 160,0,213,25,1 261,0,334,65,1 242,0,298,17,1
B:\jupyter\tensorflow-yolov4-tflite\Hat416\train\000027_jpg.rf.0d54cec1fe37f76ba82e4b35443cf9e5.jpg 131,183,146,199,1 179,163,198,179,1 229,159,249,175,1 313,148,335,167,1 266,152,283,164,1 313,0,336,9,1 265,0,283,5,1
B:\jupyter\tensorflow-yolov4-tflite\Hat416\train\004686_jpg.rf.0d68548a2bb372da1bef6dc2979fd224.jpg 74,97,156,194,1 291,106,370,195,1 74,0,157,42,1 290,0,370,33,1
B:\jupyter\tensorflow-yolov4-tflite\Hat416\train\002385_jpg.rf.0d3d8a0d16f3eee6f4a1d1597b002053.jpg 206,53,261,99,1 77,53,135,110,1 112,70,144,114,1 206,5,261,51,1 77,0,136,52,1 112,0,145,35,1
B:\jupyter\tensorflow-yolov4-tflite\Hat416\train\001468_jpg.rf.0ddd9aa91d999c3d00a9469fe533b079.jpg 345,95,414,176,1 345,5,414,86,1
B:\jupyter\tensorflow-yolov4-tflite\Hat416\train\004919_jpg.rf.0e116d24fdf337714a151fd0924ab753.jpg 134,70,183,144,1 75,74,144,162,0 133,0,183,69,1 74,0,144,65,0
B:\jupyter\tensorflow-yolov4-tflite\Hat416\train\004053_jpg.rf.0dfa5f5c5d00507c6ed59195edd5c553.jpg 92,208,128,247,1 196,208,228,246,1 260,95,290,139,1 260,0,291,44,1
B:\jupyter\tensorflow-yolov4-tflite\Hat416\train\004799_jpg.rf.0dd2bdac60e8f92078d9668e7ca46ffe.jpg 39,194,91,246,1 198,81,246,127,1 198,11,246,57,1
B:\jupyter\tensorflow-yolov4-tflite\Hat416\train\001651_jpg.rf.0de2138e33e2035f01bce19cc5772b51.jpg 317,213,341,242,1 242,214,265,235,1 186,216,203,237,1 220,192,236,206,1 212,181,226,196,1 193,179,203,191,1 162,171,172,187,1 179,176,192,187,1 385,213,409,242,1
B:\jupyter\tensorflow-yolov4-tflite\Hat416\train\001318_jpg.rf.0dcd0ce546914290726e0a661b6c8991.jpg 58,104,132,193,1 144,156,195,219,1 58,0,133,35,1
B:\jupyter\tensorflow-yolov4-tflite\Hat416\train\004091_jpg.rf.0ddeec7d2c35b401b7443f189d469f65.jpg 166,114,199,144,1 114,107,138,133,1 150,160,179,187,1 41,158,71,185,1 165,0,199,25,1 114,5,138,31,1
B:\jupyter\tensorflow-yolov4-tflite\Hat416\train\001480_jpg.rf.0e0acf42714d3252605cf85d842315d3.jpg 164,130,222,199,1 276,69,403,157,1 275,0,403,70,1
B:\jupyter\tensorflow-yolov4-tflite\Hat416\train\003926_jpg.rf.0dc2ad69b7fc5f9205715d56bb173a7b.jpg 176,166,210,208,1 205,152,249,208,0
B:\jupyter\tensorflow-yolov4-tflite\Hat416\train\001093_jpg.rf.0dbea08d35382fcc5bf7274974391229.jpg 334,105,364,144,1 122,102,150,142,1 63,101,90,137,1 179,100,217,149,1 257,117,281,148,1 318,118,340,147,1 52,119,69,144,1 334,0,365,32,1 122,0,151,35,1 62,0,90,36,1 179,0,218,37,1 257,0,282,20,1 318,0,341,19,1 51,0,69,18,1
B:\jupyter\tensorflow-yolov4-tflite\Hat416\train\001920_jpg.rf.0d2e7f109613a22f270ca9190d288a42.jpg 163,87,214,147,1 168,232,257,334,1 162,0,214,52,1 167,358,257,414,1
B:\jupyter\tensorflow-yolov4-tflite\Hat416\train\000351_jpg.rf.0df0d446a5a624d404e2a64059c4030a.jpg 231,161,271,217,1 78,93,144,164,1 78,0,145,46,1
B:\jupyter\tensorflow-yolov4-tflite\Hat416\train\000011_jpg.rf.0deccc7aa6db8d9491709ffd7ef0f880.jpg 224,214,244,242,1 47,225,64,245,1 15,218,30,233,1 27,224,42,244,1 88,223,101,242,1 108,219,122,239,1 122,225,141,249,1 156,216,175,239,1 209,225,224,246,1 199,220,212,239,1 258,219,273,238,1 275,218,289,239,1 291,223,308,245,1 375,235,404,264,0 323,215,343,237,1 367,216,381,235,1 393,216,413,240,1
B:\jupyter\tensorflow-yolov4-tflite\Hat416\train\003180_jpg.rf.0df75b50eb1aff29f91404cac2f6e508.jpg 24,139,61,181,1 165,141,192,170,1 224,149,240,168,1 278,144,300,166,1 95,173,104,182,1
B:\jupyter\tensorflow-yolov4-tflite\Hat416\train\000037_jpg.rf.0dde68f2a7b8721f99dcae5d9d6eb34d.jpg 39,87,167,234,1 39,0,168,52,1
B:\jupyter\tensorflow-yolov4-tflite\Hat416\train\001027_jpg.rf.0dae5b2b1f69a23bf44ff47c039e6cc4.jpg 103,92,150,153,1 59,77,113,139,1 102,0,150,35,1 59,0,114,50,1
B:\jupyter\tensorflow-yolov4-tflite\Hat416\train\004106_jpg.rf.0eaa413550fcba85da1f606b527c384f.jpg 187,178,215,207,1 76,149,105,178,1
B:\jupyter\tensorflow-yolov4-tflite\Hat416\train\004463_jpg.rf.0e437a9b6d996ce61b4d7cd7bd1c1ffe.jpg 283,168,299,190,1 261,169,317,282,2
B:\jupyter\tensorflow-yolov4-tflite\Hat416\train\005049_jpg.rf.0e1d84341048dc39ed498dc77c0b9737.jpg 255,161,298,214,1
B:\jupyter\tensorflow-yolov4-tflite\Hat416\train\001443_jpg.rf.0daac2df1a54300d0c702a400dca64a7.jpg 163,68,201,112,1 221,219,257,265,1 163,0,202,37,1
B:\jupyter\tensorflow-yolov4-tflite\Hat416\train\005013_jpg.rf.0e2c47141bb0721f6388305859325ae5.jpg 216,132,263,190,1 91,113,131,167,1 136,99,155,118,1 182,114,196,132,1 207,112,223,130,1 91,0,132,26,1 136,21,155,40,1 182,6,196,24,1 207,8,223,26,1
B:\jupyter\tensorflow-yolov4-tflite\Hat416\train\002207_jpg.rf.0ebde522af3a2953296cb07ab12dfad5.jpg 104,104,129,136,1 292,117,340,172,1 163,120,209,182,1 22,121,66,173,1 66,133,113,187,1 204,79,230,99,1 216,130,249,168,0 104,22,129,54,1 292,0,341,42,1 163,0,210,39,1 22,0,67,38,1 65,0,113,26,1 204,59,230,79,1 215,0,249,29,0
B:\jupyter\tensorflow-yolov4-tflite\Hat416\train\001218_jpg.rf.0e6bf87cf063bd3289e1fd3b225120a0.jpg 156,106,198,151,1
B:\jupyter\tensorflow-yolov4-tflite\Hat416\train\005064_jpg.rf.0e913edc8229446832518ee06aa4e428.jpg 166,96,236,174,1 314,134,353,195,1 166,0,237,45,1
B:\jupyter\tensorflow-yolov4-tflite\Hat416\train\000839_jpg.rf.0e252fa8a634cf84919e7e19c7385c1b.jpg 231,189,249,211,1
B:\jupyter\tensorflow-yolov4-tflite\Hat416\train\004943_jpg.rf.0e69becdafe8871e623c0a135f54a12e.jpg 55,139,120,216,1 209,186,241,224,0 93,101,133,153,0 278,161,335,215,0 93,0,134,38,0
B:\jupyter\tensorflow-yolov4-tflite\Hat416\train\004614_jpg.rf.0eece4c75cfbb9768a70dfadaf9ecdca.jpg 234,110,292,177,1 181,139,215,184,1 132,116,183,184,1 234,0,293,29,1 131,0,183,23,1
B:\jupyter\tensorflow-yolov4-tflite\Hat416\train\001197_jpg.rf.0ec2c0ba860c6fbb58bd42acbaa216ca.jpg 74,79,142,163,1 74,0,143,18,1
B:\jupyter\tensorflow-yolov4-tflite\Hat416\train\002680_jpg.rf.0e3d56d3224f292715137457880a859d.jpg 103,144,133,183,1 9,133,48,181,1 141,150,168,183,1 195,164,214,193,1 233,161,254,192,1 271,162,290,186,1 217,167,233,192,1 164,157,178,188,1 72,164,89,184,1 103,0,134,11,1 8,0,48,22,1
B:\jupyter\tensorflow-yolov4-tflite\Hat416\train\000421_jpg.rf.0ee2e611705a4b6c8ddb34c57d206ef5.jpg 12,221,101,307,1 155,278,204,317,1 73,292,99,319,1 73,409,100,415,1
B:\jupyter\tensorflow-yolov4-tflite\Hat416\train\002652_jpg.rf.0f1e0b553e997fc5d1cc51cbfc86de0f.jpg 192,94,241,148,1 124,108,168,155,1 296,90,333,143,1 231,156,255,185,1 191,0,241,11,1 295,0,333,15,1
B:\jupyter\tensorflow-yolov4-tflite\Hat416\train\003531_jpg.rf.0e7f6b041b666c9260e2fc3a4056f4b8.jpg 113,98,172,169,1 216,119,280,188,1 112,0,172,41,1 216,0,281,20,1
B:\jupyter\tensorflow-yolov4-tflite\Hat416\train\005070_jpg.rf.0f198219316aa497699410301215201a.jpg 198,95,287,208,1 197,0,287,44,1
B:\jupyter\tensorflow-yolov4-tflite\Hat416\train\005135_jpg.rf.0e2e64216329bb3ab322dc4753ca92bb.jpg 226,141,252,169,1 94,101,116,130,1 217,169,243,192,1 94,11,116,40,1
B:\jupyter\tensorflow-yolov4-tflite\Hat416\train\003691_jpg.rf.0f201c5ef02848ea3977af439cbab3d8.jpg 239,89,273,123,1
B:\jupyter\tensorflow-yolov4-tflite\Hat416\train\002055_jpg.rf.0ea4766eb27a31b3d4cf2fd8483efaf1.jpg 334,136,378,185,0 53,135,80,164,0 324,135,348,169,0 158,140,182,167,0 203,160,221,185,0 236,158,254,178,0 259,166,276,185,0 273,155,289,181,0
B:\jupyter\tensorflow-yolov4-tflite\Hat416\train\002123_jpg.rf.0f43c2bc81a7a249a93d2a7b912db734.jpg 266,180,341,266,1 176,170,380,345,2 176,347,381,414,2
B:\jupyter\tensorflow-yolov4-tflite\Hat416\train\005141_jpg.rf.0f49839172a33f828e5d0f0f1f44504b.jpg 268,121,297,145,1 126,134,151,156,1 180,115,209,138,1 267,0,297,18,1 125,0,151,5,1 180,1,209,24,1
B:\jupyter\tensorflow-yolov4-tflite\Hat416\train\004825_jpg.rf.0e81dd5329df209187d9267faae5448d.jpg 54,103,122,165,1 143,319,161,343,1 54,0,123,36,1 143,347,161,371,1
B:\jupyter\tensorflow-yolov4-tflite\Hat416\train\002653_jpg.rf.0efea0c36b3e9af400390875dcd7d45a.jpg 205,154,233,203,1
B:\jupyter\tensorflow-yolov4-tflite\Hat416\train\001661_jpg.rf.0f834baee49553b0644d1df13b7f3a85.jpg 105,211,127,245,0 198,220,217,244,0 7,205,28,234,0 90,221,108,247,0 51,215,74,239,0 26,218,42,239,0 158,215,171,232,0 181,218,196,240,0 228,216,246,235,0 276,214,294,237,0 313,220,329,238,0 341,214,354,231,0 392,214,410,237,0 370,223,387,244,0 171,222,178,235,0
B:\jupyter\tensorflow-yolov4-tflite\Hat416\train\003682_jpg.rf.0f6db554d0d706aae9ea208655292f83.jpg 346,222,359,239,1 313,224,327,238,1 334,226,346,241,1 325,221,337,237,1
B:\jupyter\tensorflow-yolov4-tflite\Hat416\train\003200_jpg.rf.0f86a2cff133ae8af9448e03c8bc317e.jpg 253,248,302,302,1 326,259,383,312,1
B:\jupyter\tensorflow-yolov4-tflite\Hat416\train\002711_jpg.rf.0e0fcf10c44b27f725785039de0a8c36.jpg 145,242,169,268,1 396,89,415,118,1 215,217,235,239,1 395,0,415,16,1
B:\jupyter\tensorflow-yolov4-tflite\Hat416\train\004838_jpg.rf.0edf4a5898409fba68c3a8b2db89bf0f.jpg 237,205,318,283,1 162,209,364,415,2 296,9,333,46,1 294,4,365,197,2 265,73,314,207,2 368,209,414,416,2 399,8,414,46,1 367,3,414,197,2
B:\jupyter\tensorflow-yolov4-tflite\Hat416\train\000749_jpg.rf.0f2b0682cab321a2dc401ef0ea34f6a4.jpg 190,105,249,182,1 54,113,128,192,1 238,152,317,231,1 288,151,347,220,1 189,0,249,34,1 54,0,129,26,1
B:\jupyter\tensorflow-yolov4-tflite\Hat416\train\004786_jpg.rf.0f52311e646b331334fddf414a34de91.jpg 323,152,382,217,1 322,0,382,23,1
B:\jupyter\tensorflow-yolov4-tflite\Hat416\train\000592_jpg.rf.0f83433b1d1a90fb7b83cfe6cec9cb79.jpg 260,146,334,216,1
B:\jupyter\tensorflow-yolov4-tflite\Hat416\train\002164_jpg.rf.0f9c2b9a98da1ed1c8ddc2df085a8b94.jpg 140,113,201,191,1 254,104,328,189,1 37,87,127,191,1 112,142,141,176,1 253,154,287,194,1 139,0,201,34,1 254,0,329,43,1 37,0,128,60,1
B:\jupyter\tensorflow-yolov4-tflite\Hat416\train\004370_jpg.rf.0f8b4b794d55933751715f873acf1618.jpg 318,287,347,321,1 319,239,338,258,1 32,195,53,219,0 88,228,118,254,0 58,205,82,225,0 48,212,65,229,0 371,253,385,268,0 363,265,381,284,0 288,257,309,280,0 289,234,304,250,0 128,255,159,282,0 164,235,188,260,0 147,223,166,245,0 208,236,225,250,0 228,247,247,263,0 250,252,267,274,0 195,270,221,294,0 270,252,288,273,0 226,229,238,243,0
B:\jupyter\tensorflow-yolov4-tflite\Hat416\train\003422_jpg.rf.0da68610b416ad5b68ccf351f6c2fbdb.jpg 162,222,216,265,1 162,384,217,414,1
B:\jupyter\tensorflow-yolov4-tflite\Hat416\train\001889_jpg.rf.0fe6c87f86f216213f707147e7c8ad85.jpg 44,174,151,254,1
B:\jupyter\tensorflow-yolov4-tflite\Hat416\train\004647_jpg.rf.0fb1a7038f9383df4759418213ad0dc0.jpg 106,120,220,233,1 106,0,221,23,1
B:\jupyter\tensorflow-yolov4-tflite\Hat416\train\002018_jpg.rf.0f2c55f045bbf64ff2b258451f259bb8.jpg 182,56,299,189,1 181,0,299,53,1
B:\jupyter\tensorflow-yolov4-tflite\Hat416\train\002675_jpg.rf.0fe5c03496104d642c83ed5955f1a118.jpg 306,182,324,198,1
B:\jupyter\tensorflow-yolov4-tflite\Hat416\train\000189_jpg.rf.0facbc0ec818727715981c28c2600435.jpg 155,146,208,213,1 30,144,105,225,1 154,0,208,49,1 29,0,105,51,1
B:\jupyter\tensorflow-yolov4-tflite\Hat416\train\002049_jpg.rf.0fbfd87c412c87d9a9fa587ac2fb50bf.jpg 289,257,326,296,1 147,157,181,191,1 212,198,249,235,1 108,255,137,285,1 288,394,326,415,1 107,405,137,415,1
B:\jupyter\tensorflow-yolov4-tflite\Hat416\train\001848_jpg.rf.10341b3feb68c5a281126f6c8d64398f.jpg 118,151,173,220,1 226,124,267,178,1 307,140,354,191,0 92,164,121,207,0 49,136,92,190,0
B:\jupyter\tensorflow-yolov4-tflite\Hat416\train\005167_jpg.rf.0fffc071a695906241fb3af0f4b00d4f.jpg 317,151,365,200,1 248,177,283,220,1 204,178,232,212,0 104,180,139,211,0
B:\jupyter\tensorflow-yolov4-tflite\Hat416\train\000778_jpg.rf.101ba688d4e46b2db96d20d3494963cb.jpg 108,118,142,152,1 193,221,228,262,1 169,119,191,143,1 75,113,109,136,1 108,0,143,21,1 169,0,192,20,1 75,3,109,26,1
B:\jupyter\tensorflow-yolov4-tflite\Hat416\train\002159_jpg.rf.0fcb88b45e33f0d5a66edc6f11a34524.jpg 10,164,51,209,1 173,172,212,210,1 222,172,268,217,1 337,181,351,198,1 354,166,394,215,1 9,0,51,17,1 172,0,212,9,1 222,0,269,9,1 354,0,395,15,1
B:\jupyter\tensorflow-yolov4-tflite\Hat416\train\000787_jpg.rf.1061285819c046f2a22e2e7f3bb6d91a.jpg 271,116,300,164,1 165,108,201,153,1 332,115,366,158,1 366,111,407,163,1 206,108,250,159,1 106,114,146,167,1
B:\jupyter\tensorflow-yolov4-tflite\Hat416\train\002374_jpg.rf.0f4ae0e10ca47985c7327d1919f97709.jpg 224,181,247,217,1 258,190,274,211,1
B:\jupyter\tensorflow-yolov4-tflite\Hat416\train\004366_jpg.rf.0fa936164edf78f1d8e91fb7ca34b532.jpg 237,110,291,174,1 127,141,153,175,1 73,169,92,190,1 237,0,292,29,1
B:\jupyter\tensorflow-yolov4-tflite\Hat416\train\003742_jpg.rf.1047a87ddc86b54ffd0dd1775020735c.jpg 74,125,132,194,1 201,120,263,183,1 74,0,133,14,1 201,0,264,19,1
B:\jupyter\tensorflow-yolov4-tflite\Hat416\train\002738_jpg.rf.1056a6f6f70c99562260c7ab2c70a507.jpg 325,84,412,183,1 324,0,412,55,1
B:\jupyter\tensorflow-yolov4-tflite\Hat416\train\001620_jpg.rf.10a1ae787a08694a311e5d03899d66c2.jpg 151,97,248,201,1 150,0,248,22,1
B:\jupyter\tensorflow-yolov4-tflite\Hat416\train\004920_jpg.rf.10b81a751a42adf6eacfe2242cfed5d7.jpg 337,156,376,201,0 262,145,287,176,0 394,148,413,181,0 317,139,336,166,0 104,145,123,168,0 138,152,155,171,0 158,142,175,166,0 192,139,211,163,0 229,138,248,161,0 388,146,408,167,0
B:\jupyter\tensorflow-yolov4-tflite\Hat416\train\003653_jpg.rf.10c33247ee2963f6338d5dd1101941ee.jpg 210,98,282,179,1 210,0,283,21,1
B:\jupyter\tensorflow-yolov4-tflite\Hat416\train\005297_jpg.rf.10a1350ba18ba858cc470708b25b3bd9.jpg 43,89,104,164,1 42,0,104,50,1
B:\jupyter\tensorflow-yolov4-tflite\Hat416\train\000395_jpg.rf.109e972e3b42dd9baa11270ccbf8bc07.jpg 63,187,84,209,1 307,191,326,212,1 370,181,395,207,1
B:\jupyter\tensorflow-yolov4-tflite\Hat416\train\004739_jpg.rf.104662612296ac920b13dcf79fb1b958.jpg 285,166,337,230,1 227,112,267,157,1 189,144,255,200,1 300,135,331,172,1 300,86,320,108,1 338,87,350,104,1 300,0,321,19,1 338,1,350,18,1
B:\jupyter\tensorflow-yolov4-tflite\Hat416\train\000468_jpg.rf.10faaa410906cef554b88fff050da0c3.jpg 38,87,151,195,0 212,94,307,203,1 37,0,151,72,0 211,0,307,65,1
B:\jupyter\tensorflow-yolov4-tflite\Hat416\train\001786_jpg.rf.0f7a522a5e8cb40181fed7544690965c.jpg 164,206,187,236,1 191,185,213,203,1
B:\jupyter\tensorflow-yolov4-tflite\Hat416\train\004288_jpg.rf.105a18fa68b9e86225cd15ed6d5702c0.jpg 21,149,70,207,1 80,182,104,209,1 143,85,172,121,1 209,181,233,216,1 224,129,247,156,1 266,120,302,150,0 142,0,172,20,1
B:\jupyter\tensorflow-yolov4-tflite\Hat416\train\005094_jpg.rf.1063db5f5b2f6c16e2418d9e3f315505.jpg 311,95,400,200,1 88,130,140,199,1 244,127,295,196,1 169,137,210,201,1
B:\jupyter\tensorflow-yolov4-tflite\Hat416\train\002181_jpg.rf.109e7885d37da0ecefbeaccaf53ecab8.jpg 358,240,400,285,1 281,223,312,251,1 185,163,209,196,1 330,190,355,219,1 242,140,270,169,1 358,405,401,415,1
B:\jupyter\tensorflow-yolov4-tflite\Hat416\train\000198_jpg.rf.10facac5d0a13b97364356f7f9579d2b.jpg 79,148,103,179,1 137,138,158,166,1
B:\jupyter\tensorflow-yolov4-tflite\Hat416\train\000137_jpg.rf.1083573471efcb722834ef39440a3e43.jpg 364,75,413,133,1 162,105,198,149,1 270,102,309,150,1 2,223,48,267,1 58,195,94,235,1 363,0,413,30,1
B:\jupyter\tensorflow-yolov4-tflite\Hat416\train\004910_jpg.rf.10a498fc04c29b26db1917c4647ec6c3.jpg 115,116,191,228,1 26,128,259,324,2 115,0,192,61,1 25,0,259,49,2 25,329,259,415,2
B:\jupyter\tensorflow-yolov4-tflite\Hat416\train\000609_jpg.rf.110c34d5482718deba8e9f0988926abe.jpg 214,132,278,199,1 69,164,145,252,1 0,164,70,253,1
B:\jupyter\tensorflow-yolov4-tflite\Hat416\train\001841_jpg.rf.11054e213873920d4c9780cc7f5f4505.jpg 47,98,91,147,0 181,111,217,157,0 262,118,295,152,0 302,109,340,150,0 342,131,361,160,0 358,88,411,148,0 357,0,411,17,0
B:\jupyter\tensorflow-yolov4-tflite\Hat416\train\005071_jpg.rf.104cd34a44e0bede67c8e298399843d8.jpg 19,131,53,170,0 181,134,205,164,0 141,120,179,171,0 266,119,306,172,0 121,133,144,165,0 86,155,97,168,0 141,0,180,17,0 266,0,307,18,0
B:\jupyter\tensorflow-yolov4-tflite\Hat416\train\002927_jpg.rf.10dab768247d5eb90b17890e69b21d53.jpg 223,149,272,210,1
B:\jupyter\tensorflow-yolov4-tflite\Hat416\train\005092_jpg.rf.0f6966e79f411546077ae9689573d2bc.jpg 152,101,186,142,1 241,93,279,143,1 241,0,280,10,1
B:\jupyter\tensorflow-yolov4-tflite\Hat416\train\001657_jpg.rf.11096b73d4629bd761d16c14330b112f.jpg 261,99,324,161,1 184,101,242,156,1 260,0,324,40,1 184,0,243,38,1
B:\jupyter\tensorflow-yolov4-tflite\Hat416\train\000480_jpg.rf.1116001297ab3857de3d71a74f11e766.jpg 234,160,304,218,1
B:\jupyter\tensorflow-yolov4-tflite\Hat416\train\002419_jpg.rf.1109ed7b38a31cd6812994140fe53ac4.jpg 223,120,262,176,1 222,0,262,19,1
B:\jupyter\tensorflow-yolov4-tflite\Hat416\train\002205_jpg.rf.1109d447a31c7b66428c23fc9f5e983f.jpg 219,100,255,144,0 91,112,120,150,0 206,129,236,168,0
B:\jupyter\tensorflow-yolov4-tflite\Hat416\train\003652_jpg.rf.11455916f260141010aad579ed95b2b0.jpg 274,164,303,199,0 251,163,274,191,0 83,164,102,192,0 61,163,83,192,0 153,174,174,198,0 214,167,235,194,0 4,183,28,207,0 129,170,144,190,0 180,171,196,194,0 119,170,132,189,0 13,171,28,190,0
B:\jupyter\tensorflow-yolov4-tflite\Hat416\train\003445_jpg.rf.12021fdcb89819f9e47ff49c27257052.jpg 156,112,210,165,1 195,77,251,137,1 156,0,211,27,1 195,1,251,61,1
B:\jupyter\tensorflow-yolov4-tflite\Hat416\train\002647_jpg.rf.11de5e9c81e5d77f365040b27b9d9444.jpg 89,125,175,207,1 263,129,321,199,1 163,181,200,220,1
B:\jupyter\tensorflow-yolov4-tflite\Hat416\train\001284_jpg.rf.113ac674fedf1e0aa6a956ffc119e6ca.jpg 222,185,233,199,1 231,178,245,196,1 269,180,288,199,1 283,175,297,194,1
B:\jupyter\tensorflow-yolov4-tflite\Hat416\train\004201_jpg.rf.1109f3cf7b441839b89ef057ee297adc.jpg 123,198,141,214,1 188,181,206,201,1 63,166,76,181,1
B:\jupyter\tensorflow-yolov4-tflite\Hat416\train\000584_jpg.rf.11db6676b308360c79f2541300b472b3.jpg 142,166,169,195,0 373,171,412,220,0
B:\jupyter\tensorflow-yolov4-tflite\Hat416\train\004624_jpg.rf.11412243c52082530bf345473238d287.jpg 89,95,130,150,1 176,110,193,132,1 220,127,259,170,1 246,100,265,122,1 310,65,350,121,1 245,0,265,5,1 310,0,351,40,1
B:\jupyter\tensorflow-yolov4-tflite\Hat416\train\003172_jpg.rf.11f3fdee208e43d5b514d8856e12d633.jpg 236,155,265,199,1 142,168,176,212,1 326,176,370,230,1 23,158,48,194,1 259,170,290,219,0 94,174,123,212,0 51,164,81,212,0 194,149,230,203,0 132,181,153,213,1
B:\jupyter\tensorflow-yolov4-tflite\Hat416\train\004833_jpg.rf.111b214790c469bb12a574eba0f6f67c.jpg 76,131,102,155,1 181,168,202,191,1 307,133,336,162,1 358,139,376,160,1
B:\jupyter\tensorflow-yolov4-tflite\Hat416\train\002683_jpg.rf.114111c7fe81151351b1aff99ebd3928.jpg 227,73,277,134,1 16,157,52,201,1 200,149,238,187,1 142,152,156,166,1 227,5,277,66,1
B:\jupyter\tensorflow-yolov4-tflite\Hat416\train\004576_jpg.rf.11ba5a43dfd9aefed77f49523fa514d7.jpg 275,222,299,253,1
B:\jupyter\tensorflow-yolov4-tflite\Hat416\train\000324_jpg.rf.11c4b2963512e95efbe4c96298a43e40.jpg 173,151,204,197,0 200,148,231,191,0 128,137,175,194,0 9,85,74,163,0 8,0,74,56,0
B:\jupyter\tensorflow-yolov4-tflite\Hat416\train\001304_jpg.rf.115af60f3eae0bd32fef0a971b99bfbf.jpg 4,161,51,208,1 49,157,75,185,1 100,161,126,194,1 142,169,162,192,1 213,168,227,188,1 277,172,289,185,1 358,170,367,181,1 383,169,390,179,1 400,166,411,182,1
B:\jupyter\tensorflow-yolov4-tflite\Hat416\train\005224_jpg.rf.11f806a0f0b3b63b13828dcb197f2706.jpg 168,61,252,142,1 395,60,415,142,1
B:\jupyter\tensorflow-yolov4-tflite\Hat416\train\000510_jpg.rf.115540b96001ae88dfc58fd48087226c.jpg 229,162,284,228,1 133,256,177,295,1 321,203,384,268,1 133,404,178,415,1
B:\jupyter\tensorflow-yolov4-tflite\Hat416\train\003214_jpg.rf.11ad65691120a22483624449ff5974f9.jpg 55,200,69,219,1 315,89,329,106,1 315,33,329,50,1
B:\jupyter\tensorflow-yolov4-tflite\Hat416\train\002934_jpg.rf.121b5fb738f1e4e98f43364a0152d72f.jpg 238,133,300,182,1 161,162,210,216,1
B:\jupyter\tensorflow-yolov4-tflite\Hat416\train\003155_jpg.rf.12191265dc4923dba85fda803256a2c9.jpg 346,178,410,253,0 254,176,296,224,0 173,184,201,216,0 85,177,106,203,0 152,185,176,212,0 313,209,338,240,0 334,195,354,228,0
B:\jupyter\tensorflow-yolov4-tflite\Hat416\train\000693_jpg.rf.12274782d700fe526b16de49e3e23766.jpg 110,122,168,184,1 278,118,336,188,1 250,120,393,362,2 61,124,185,363,2 249,366,393,415,2 61,365,186,415,2
B:\jupyter\tensorflow-yolov4-tflite\Hat416\train\004579_jpg.rf.121b1f167760affd6468f89cdf57ea2a.jpg 320,164,354,196,1
B:\jupyter\tensorflow-yolov4-tflite\Hat416\train\001125_jpg.rf.1242f7030ae3118f53600250f31bce14.jpg 221,162,250,194,1 142,141,170,172,0 181,155,202,180,0 286,142,311,167,0
B:\jupyter\tensorflow-yolov4-tflite\Hat416\train\003521_jpg.rf.12414746ca9756500032d137f1a9f485.jpg 64,94,101,142,1 328,69,367,122,1 235,89,278,148,1 120,85,161,142,1 57,112,76,146,1 49,119,65,146,1 63,0,101,19,1 327,0,367,44,1 234,0,278,24,1 119,0,161,28,1
B:\jupyter\tensorflow-yolov4-tflite\Hat416\train\002318_jpg.rf.125687ec0ea7577adec873a388cd0786.jpg 350,80,415,169,1 151,187,203,247,1 35,64,100,142,1 199,224,243,253,1 349,0,415,41,1 34,0,100,57,1
B:\jupyter\tensorflow-yolov4-tflite\Hat416\train\004712_jpg.rf.11a1c3c540626240060c64954a0c8741.jpg 166,84,195,128,1 221,272,274,314,1
B:\jupyter\tensorflow-yolov4-tflite\Hat416\train\002958_jpg.rf.1171adf690bfee0d6a64e8344942f315.jpg 163,276,177,294,1 318,270,330,284,1 163,398,178,414,1 318,408,331,414,1
B:\jupyter\tensorflow-yolov4-tflite\Hat416\train\004400_jpg.rf.123bde2e0aea24cf58d7f5600cc7d116.jpg 307,193,328,218,1 70,158,89,183,1 377,230,385,242,1
B:\jupyter\tensorflow-yolov4-tflite\Hat416\train\001814_jpg.rf.122dd4d31740851eb8ac5e78a236a2ec.jpg 319,242,343,265,1 241,206,252,219,1 254,236,266,249,1 196,197,206,209,1
B:\jupyter\tensorflow-yolov4-tflite\Hat416\train\002766_jpg.rf.125165dc2f6e794232226af8a4964440.jpg 152,194,171,215,1 163,102,182,125,1 245,160,260,180,1 202,243,219,262,0 213,181,234,199,0 197,91,222,115,0 196,0,222,14,0
B:\jupyter\tensorflow-yolov4-tflite\Hat416\train\003119_jpg.rf.125746aad71f6fe063716226fe62410c.jpg 128,229,169,265,1 0,229,11,266,1
B:\jupyter\tensorflow-yolov4-tflite\Hat416\train\002167_jpg.rf.129f135450e78d38530b475c8ffa245b.jpg 199,180,226,211,1 138,181,161,207,1
B:\jupyter\tensorflow-yolov4-tflite\Hat416\train\002916_jpg.rf.1181513e567b30709ed680e0af49c4dd.jpg 202,123,242,172,1 116,127,141,149,1
B:\jupyter\tensorflow-yolov4-tflite\Hat416\train\000210_jpg.rf.13197d5390170562b39da9cb5447c3dc.jpg 103,128,133,168,1 67,96,110,141,1 278,187,335,245,1 228,209,260,250,1 147,133,169,164,1 186,140,206,168,1 284,90,306,131,1 242,131,268,167,1 210,149,230,173,1 66,0,110,37,1 284,2,306,43,1
B:\jupyter\tensorflow-yolov4-tflite\Hat416\train\001725_jpg.rf.124688530d80cc14e636730b818a2f9c.jpg 98,105,129,139,1 207,95,240,138,0 239,76,285,133,0 206,0,240,10,0 239,0,286,29,0
B:\jupyter\tensorflow-yolov4-tflite\Hat416\train\005103_jpg.rf.12a251ff141816d096fc0b5ebed7093e.jpg 168,25,245,124,1 65,17,159,125,1 0,17,60,126,1
B:\jupyter\tensorflow-yolov4-tflite\Hat416\train\003093_jpg.rf.13a09056a662bf6b3a612e5324db7143.jpg 94,223,123,257,1 274,243,305,280,1 207,246,243,291,1 209,21,228,43,1 6,223,35,257,1 397,242,414,280,1
B:\jupyter\tensorflow-yolov4-tflite\Hat416\train\003258_jpg.rf.13b34142d3de471dbb0c344e27cc1298.jpg 131,146,184,207,1
B:\jupyter\tensorflow-yolov4-tflite\Hat416\train\002436_jpg.rf.13a80097133a5eff28f1f72d37cb39ba.jpg 149,70,191,110,1 149,28,191,68,1
B:\jupyter\tensorflow-yolov4-tflite\Hat416\train\005155_jpg.rf.126bbb84f80a596efeb60078dc66e992.jpg 261,168,299,217,1 7,137,41,187,1 377,152,414,206,1 311,140,360,204,1 81,142,127,201,1 38,141,81,196,0 160,147,204,204,0 192,152,214,199,1
B:\jupyter\tensorflow-yolov4-tflite\Hat416\train\000935_jpg.rf.129b2727a9813506f670bcff4886d654.jpg 271,149,311,200,1 313,183,343,217,1
B:\jupyter\tensorflow-yolov4-tflite\Hat416\train\000506_jpg.rf.12f5f19ae9e6149a8284f012505f9c79.jpg 166,152,190,173,1
B:\jupyter\tensorflow-yolov4-tflite\Hat416\train\000072_jpg.rf.138602f282a33ba66fb8d8f7afb26811.jpg 257,109,301,175,1 257,0,302,30,1
B:\jupyter\tensorflow-yolov4-tflite\Hat416\train\001800_jpg.rf.132ed7b9b6310c740c417982f11c9797.jpg 272,153,335,216,1 170,125,220,172,1 127,120,163,165,1 200,162,244,216,1 105,128,128,153,1 356,139,367,153,0 67,139,96,165,1 170,0,221,14,1 127,0,164,19,1 104,0,128,11,1
B:\jupyter\tensorflow-yolov4-tflite\Hat416\train\001497_jpg.rf.13d599894f5efee05d5406d42b59146f.jpg 290,123,329,157,1 289,0,329,16,1
B:\jupyter\tensorflow-yolov4-tflite\Hat416\train\003762_jpg.rf.131757a77fabbaf2183f656c4c46fa2e.jpg 338,233,394,289,1 295,185,319,212,1 338,360,395,414,1
B:\jupyter\tensorflow-yolov4-tflite\Hat416\train\002501_jpg.rf.13a2f45f44301b969b1cd1638b44d602.jpg 137,230,151,247,1 31,236,42,248,1 269,134,281,149,1 92,239,106,252,1 269,0,282,11,1
B:\jupyter\tensorflow-yolov4-tflite\Hat416\train\000623_jpg.rf.13e0add913c3e434897d6d2188342182.jpg 253,95,262,109,1 277,91,286,103,1 253,17,262,31,1 277,23,286,35,1
B:\jupyter\tensorflow-yolov4-tflite\Hat416\train\000860_jpg.rf.12b0af852d21bb83d2deafac62a959d2.jpg 90,114,121,152,1 213,96,246,134,1 161,95,195,127,1
B:\jupyter\tensorflow-yolov4-tflite\Hat416\train\004138_jpg.rf.133120c993f457fa873d7b4f8899f3b0.jpg 216,144,254,187,0 297,150,326,192,0 147,162,174,194,0 70,149,102,187,0 321,156,360,201,0 0,153,20,197,0
B:\jupyter\tensorflow-yolov4-tflite\Hat416\train\000539_jpg.rf.13de2e365c7c445d758e13d52124d3db.jpg 20,220,28,234,1 125,216,137,232,1 176,226,189,240,1 197,222,211,238,1 85,218,94,231,1 263,220,277,235,0 328,217,344,234,0 373,221,391,239,0 306,211,325,234,0
B:\jupyter\tensorflow-yolov4-tflite\Hat416\train\002105_jpg.rf.12bcf7282a49ef900013161d167bd8fc.jpg 156,120,224,212,1 258,132,329,220,1 85,109,154,195,1 277,296,342,345,1 156,0,225,19,1 84,0,154,30,1 277,347,342,396,1
B:\jupyter\tensorflow-yolov4-tflite\Hat416\train\004582_jpg.rf.1356a823c22a7fcc7c42952514af5a60.jpg 223,102,295,184,1 223,0,296,37,1
B:\jupyter\tensorflow-yolov4-tflite\Hat416\train\002637_jpg.rf.12c8dcba116578e1e0b68dd82ed955f7.jpg 222,93,252,129,1 126,111,166,164,1 252,90,301,151,1 44,127,65,154,1 222,0,253,30,1 126,0,167,12,1 251,0,301,33,1
B:\jupyter\tensorflow-yolov4-tflite\Hat416\train\005231_jpg.rf.13eda55bf0a43901acd89265ae53be15.jpg 222,96,303,191,1 221,0,303,73,1
B:\jupyter\tensorflow-yolov4-tflite\Hat416\train\001137_jpg.rf.1376e4a653b4743148939e6536fdae95.jpg 262,85,319,155,1 342,131,358,148,1 261,0,319,20,1
B:\jupyter\tensorflow-yolov4-tflite\Hat416\train\002605_jpg.rf.12f5480a6faf0e4d746b9cdabd6b9cd6.jpg 275,138,323,201,0 43,137,83,189,0 224,144,264,194,0
B:\jupyter\tensorflow-yolov4-tflite\Hat416\train\003486_jpg.rf.13d90b2915b50014a5c8f0e474ece68f.jpg 212,105,263,173,1 23,80,100,168,1 313,99,375,174,0 211,0,263,36,1 22,0,100,61,1 313,0,376,42,0
B:\jupyter\tensorflow-yolov4-tflite\Hat416\train\000560_jpg.rf.13b79680636df7a5cd404476f112c813.jpg 71,71,113,116,1 275,68,310,111,1 320,84,352,120,1 197,84,220,121,1 142,82,172,115,1 118,73,141,107,1 167,82,183,117,1
B:\jupyter\tensorflow-yolov4-tflite\Hat416\train\000921_jpg.rf.14074724694db1f0c931bfbf6360bcf7.jpg 89,210,157,279,1 222,250,298,309,1
B:\jupyter\tensorflow-yolov4-tflite\Hat416\train\002429_jpg.rf.1310d2fc78c30b75215d5111c1dc743a.jpg 76,103,105,146,1 108,111,136,152,1 240,97,281,133,1 75,0,105,36,1 108,0,137,28,1 240,5,281,41,1
B:\jupyter\tensorflow-yolov4-tflite\Hat416\train\005206_jpg.rf.131919bdefff95ee2f8e7713c4628ee1.jpg 115,130,141,164,0 330,127,359,161,0 251,121,274,151,0 176,134,198,159,0 23,143,46,172,0 238,139,253,163,0 323,124,342,146,0 96,133,108,147,0 79,134,89,146,0 18,134,34,149,0 115,0,142,9,0 329,0,359,12,0 250,0,274,18,0 176,0,199,5,0 322,0,342,15,0 96,0,109,6,0 79,0,90,5,0 18,0,35,5,0
B:\jupyter\tensorflow-yolov4-tflite\Hat416\train\001158_jpg.rf.13e42e9980eb332b6e80bf4ad81559d1.jpg 108,157,155,211,1 257,153,304,207,1 151,167,174,209,1
B:\jupyter\tensorflow-yolov4-tflite\Hat416\train\004990_jpg.rf.14339575f75df341955ce065cefe5a92.jpg 194,195,213,221,1 99,212,115,227,1 77,166,90,182,1 254,120,287,151,1 9,212,25,227,1 35,166,48,182,1
B:\jupyter\tensorflow-yolov4-tflite\Hat416\train\000361_jpg.rf.1326a9a15d223d689fa6ba78a532fafa.jpg 234,111,267,145,1 133,122,162,156,1 77,100,95,127,1 17,165,40,185,1 173,148,192,174,1 223,156,242,184,1 233,0,267,28,1 132,0,162,17,1 77,12,95,39,1
B:\jupyter\tensorflow-yolov4-tflite\Hat416\train\003870_jpg.rf.14239ebef7cba1a01a197749dc206012.jpg 267,120,291,143,1 218,106,240,132,1 218,0,241,5,1
B:\jupyter\tensorflow-yolov4-tflite\Hat416\train\001871_jpg.rf.142bb3fd3c258eec7694fc98f7d94bbf.jpg 340,145,388,192,1 356,165,412,219,1 109,157,127,174,1
B:\jupyter\tensorflow-yolov4-tflite\Hat416\train\001797_jpg.rf.141beb5359870886eb53a8a76b0f5a61.jpg 218,151,261,188,1
B:\jupyter\tensorflow-yolov4-tflite\Hat416\train\002030_jpg.rf.12b66749d44841423e6d1f5ee7a6330b.jpg 31,195,50,217,1 147,193,168,217,1 224,199,240,223,1 293,231,305,245,1
B:\jupyter\tensorflow-yolov4-tflite\Hat416\train\002492_jpg.rf.143df359f133d1a8d73d37196bf32007.jpg 170,135,193,157,1 210,149,234,173,1
B:\jupyter\tensorflow-yolov4-tflite\Hat416\train\001813_jpg.rf.144f80ac9f804d0671531633eb985c7e.jpg 30,120,83,185,1 89,120,138,179,1 157,133,202,189,1 179,112,210,157,1 305,108,348,170,1 284,137,318,178,1 207,116,256,180,0 383,120,411,164,0 352,123,375,162,1 29,0,83,17,1 88,0,138,17,1 178,0,210,25,1 304,0,348,29,1 206,0,256,21,0 383,0,412,17,0 351,0,375,14,1
B:\jupyter\tensorflow-yolov4-tflite\Hat416\train\002633_jpg.rf.148cca8dddde78062bf59da2451b1333.jpg 71,184,93,213,1 320,167,340,194,1 366,173,387,201,1 10,200,29,224,1 119,188,138,210,1 134,181,153,204,1 182,189,200,210,1 230,178,247,201,1 223,189,233,205,1 274,168,295,195,1
B:\jupyter\tensorflow-yolov4-tflite\Hat416\train\003255_jpg.rf.152b94295f9b2fe4695b5bc8f417eac9.jpg 141,89,180,138,1 190,124,225,163,1 140,0,180,16,1
B:\jupyter\tensorflow-yolov4-tflite\Hat416\train\002955_jpg.rf.149f747d003d0c76903b7329a0228202.jpg 163,70,255,191,1 301,63,375,167,1 69,55,146,154,1 130,74,293,329,2 292,74,414,331,2 9,59,156,331,2 163,0,256,39,1 301,0,376,46,1 68,0,146,54,1
B:\jupyter\tensorflow-yolov4-tflite\Hat416\train\004119_jpg.rf.14f10adafbb30ade4c9912047378303a.jpg 254,91,320,165,1 165,96,198,137,1 223,122,249,152,1 112,87,131,111,1 211,132,228,155,1 254,0,321,48,1 165,2,198,43,1 223,0,250,17,1 112,27,131,51,1 210,0,228,7,1
B:\jupyter\tensorflow-yolov4-tflite\Hat416\train\003549_jpg.rf.1457945aa04ad2cb26284e5216600467.jpg 169,111,282,238,1 76,152,181,273,1 168,0,282,28,1
B:\jupyter\tensorflow-yolov4-tflite\Hat416\train\002650_jpg.rf.150f310e799a65dc5f3f8721a523f659.jpg 232,37,254,64,1 140,213,154,232,1 165,30,191,54,1
B:\jupyter\tensorflow-yolov4-tflite\Hat416\train\003035_jpg.rf.148f7ce5776e83e3c7c43a1c367bb275.jpg 206,200,224,218,1 193,216,206,231,1
B:\jupyter\tensorflow-yolov4-tflite\Hat416\train\000007_jpg.rf.144157e581cf4c36a1287ba88eb12d54.jpg 233,120,280,187,1 7,118,71,209,1 95,130,149,205,1 312,141,341,196,1 343,137,394,207,1 279,137,321,199,1 206,118,245,183,1 164,162,192,203,1 145,144,167,196,1 397,133,415,199,1
B:\jupyter\tensorflow-yolov4-tflite\Hat416\train\002308_jpg.rf.140720542ab24ebdbe75ce10d56ae6d1.jpg 298,98,403,211,1 297,0,403,77,1
B:\jupyter\tensorflow-yolov4-tflite\Hat416\train\002323_jpg.rf.14ff0ff195793b649d46d1ac86ee285b.jpg 155,214,169,231,1 320,168,338,192,1 279,222,291,237,1
B:\jupyter\tensorflow-yolov4-tflite\Hat416\train\003743_jpg.rf.157a8ae9542af33b1f43d18de9fcba68.jpg 221,73,320,171,1 220,0,320,66,1
B:\jupyter\tensorflow-yolov4-tflite\Hat416\train\003659_jpg.rf.1487a136820b73c0089100600895052a.jpg 269,126,332,200,1 149,143,206,208,0
B:\jupyter\tensorflow-yolov4-tflite\Hat416\train\002293_jpg.rf.1580442ab242010bcdcd98a65d648465.jpg 171,135,201,172,1 133,132,162,166,1 0,132,6,167,1
B:\jupyter\tensorflow-yolov4-tflite\Hat416\train\003197_jpg.rf.157c6a4f7dd6f75b09abad4a93691f3c.jpg 112,154,141,192,1 42,149,81,196,1 283,156,309,189,1 193,149,217,177,1 233,168,248,192,1 349,154,369,177,1 1,182,22,212,1 160,154,180,181,1 319,157,343,185,1
B:\jupyter\tensorflow-yolov4-tflite\Hat416\train\000844_jpg.rf.14ff1b0820a4e1438f928ed40cb9f20e.jpg 232,175,272,218,1
B:\jupyter\tensorflow-yolov4-tflite\Hat416\train\000722_jpg.rf.159b35dceebf7862b452741e73a5c531.jpg 10,101,68,171,1 90,138,117,173,1 69,146,88,169,1
B:\jupyter\tensorflow-yolov4-tflite\Hat416\train\003153_jpg.rf.1512ca394c96b039402b452ed6e72ac0.jpg 221,108,260,157,1 1,87,50,157,1 156,110,194,159,1 297,94,341,149,1 104,110,148,161,1 351,121,384,175,1 53,114,99,172,1 220,0,260,35,1 0,0,50,56,1 156,0,195,33,1 297,0,342,49,1 104,0,149,33,1 350,0,384,22,1 53,0,100,29,1
B:\jupyter\tensorflow-yolov4-tflite\Hat416\train\000318_jpg.rf.1560993bc2c1ab695322fb7c83a3511f.jpg 335,165,382,219,1 228,164,254,192,1 307,172,322,191,1
B:\jupyter\tensorflow-yolov4-tflite\Hat416\train\004854_jpg.rf.14b09c2fc2f403860d39887f6e85f9cf.jpg 253,87,335,179,1 144,120,217,196,1 253,0,336,52,1 143,0,217,19,1
B:\jupyter\tensorflow-yolov4-tflite\Hat416\train\002142_jpg.rf.157f00994677c130d3837d3e5d02f284.jpg 216,126,243,154,1 294,117,318,151,1 148,104,172,129,1 317,132,341,157,1 319,166,343,187,1 71,177,98,198,1 215,0,243,13,1 294,0,319,22,1 148,10,172,35,1 317,0,342,7,1
B:\jupyter\tensorflow-yolov4-tflite\Hat416\train\000986_jpg.rf.1539c3718006a73343de231d500d0b96.jpg 364,207,395,236,1 7,217,30,239,1 24,216,38,234,1 44,213,64,237,1 73,226,96,245,1 101,220,119,239,1 116,213,137,235,1
B:\jupyter\tensorflow-yolov4-tflite\Hat416\train\005016_jpg.rf.14646b368b037d35d90112bf0521b0a8.jpg 259,188,279,215,1 93,180,114,206,1 132,178,150,201,1 174,187,195,209,1 211,192,230,215,1
B:\jupyter\tensorflow-yolov4-tflite\Hat416\train\004763_jpg.rf.156ffe363242aeccf545255c8ecccb57.jpg 33,109,140,237,1 119,134,182,224,1 224,118,291,202,1 32,0,140,70,1 118,0,182,45,1 223,0,291,61,1
B:\jupyter\tensorflow-yolov4-tflite\Hat416\train\004623_jpg.rf.1586510b88f5d80f77d2f4a5b8fa9368.jpg 1,265,25,314,1 200,218,220,240,1 103,189,124,210,1 167,188,184,205,1 245,195,259,207,1 211,171,222,184,1 186,168,198,177,1 165,166,177,175,1 163,159,175,168,1
B:\jupyter\tensorflow-yolov4-tflite\Hat416\train\004511_jpg.rf.157b709bb683f916a7c0f6569489dd8e.jpg 60,163,89,197,1 206,174,225,198,1 309,181,336,205,1 103,168,121,193,1 159,186,175,203,1 230,187,243,204,1 264,185,280,203,1 293,191,310,210,1 347,188,361,207,1 359,188,374,208,1 401,176,415,200,1
B:\jupyter\tensorflow-yolov4-tflite\Hat416\train\004823_jpg.rf.15c376cb771ffc42fc0e6bdfa6ed76b9.jpg 171,64,220,117,1 279,70,329,130,1 35,64,88,123,1 170,0,220,47,1 279,0,330,41,1 34,0,88,47,1
B:\jupyter\tensorflow-yolov4-tflite\Hat416\train\003011_jpg.rf.158565dc512ecff6a0c48f78802fb8a6.jpg 30,219,45,236,1 266,202,289,231,1
B:\jupyter\tensorflow-yolov4-tflite\Hat416\train\003107_jpg.rf.161adaafc8258f6fd2f64d2ebacaaa7a.jpg 205,146,233,180,1 252,138,276,172,1 104,147,129,179,1 66,147,82,166,1 35,151,50,173,1 149,157,162,174,1 184,151,200,171,1 278,158,301,190,1 168,153,181,168,1 25,151,37,170,1 392,208,414,243,1
B:\jupyter\tensorflow-yolov4-tflite\Hat416\train\002761_jpg.rf.15b9172f2c6228c6094659b5dd8ec805.jpg 344,160,378,196,1 264,165,293,199,1 29,150,65,196,1 165,155,192,185,1
B:\jupyter\tensorflow-yolov4-tflite\Hat416\train\000533_jpg.rf.161c70f4f9aa4370322d96789ea6d1da.jpg 273,100,327,167,1 238,123,282,187,1 174,145,198,171,1
B:\jupyter\tensorflow-yolov4-tflite\Hat416\train\004834_jpg.rf.16444287591c03c40d475d8f43abd20c.jpg 297,150,366,235,1
B:\jupyter\tensorflow-yolov4-tflite\Hat416\train\001470_jpg.rf.15bb7fdb86856b37e77ff74591414464.jpg 156,150,194,184,1
B:\jupyter\tensorflow-yolov4-tflite\Hat416\train\002481_jpg.rf.15e86d9b6cd8e814d1d660305694923f.jpg 130,145,258,263,1
B:\jupyter\tensorflow-yolov4-tflite\Hat416\train\004102_jpg.rf.163500ab0b27ef958d25e73914dd2032.jpg 286,201,301,225,1 310,194,330,218,1
B:\jupyter\tensorflow-yolov4-tflite\Hat416\train\004555_jpg.rf.1615d3c8d84b846a26781d976455bb5b.jpg 188,122,222,161,1 161,136,197,180,1 56,128,87,167,1 220,144,247,172,1 32,146,55,173,1 6,143,29,167,1 282,133,296,148,1 188,0,223,17,1 55,0,87,11,1 282,0,297,6,1
B:\jupyter\tensorflow-yolov4-tflite\Hat416\train\005121_jpg.rf.15ca50537652c0fa40682ebf13943a2d.jpg 280,161,308,203,1 233,173,259,210,1 78,155,108,195,1 13,172,47,211,1 365,163,394,204,1 117,156,155,201,1 309,174,327,208,1 185,160,222,209,1 258,164,280,196,1 217,157,240,196,1 322,176,338,207,1
B:\jupyter\tensorflow-yolov4-tflite\Hat416\train\004293_jpg.rf.167455d9a76b5e27516727bd87502d7a.jpg 4,152,33,186,1 238,151,262,185,1 323,93,383,167,1 105,156,129,186,1 30,163,51,189,1 50,161,69,187,1 189,165,211,192,1 147,165,166,191,1 88,169,105,191,1 220,175,235,193,1 269,169,286,193,1 323,0,384,46,1
B:\jupyter\tensorflow-yolov4-tflite\Hat416\train\005211_jpg.rf.1649d0108a4b9dc6244645f0d015a1d5.jpg 269,186,308,222,1 238,167,256,188,1
B:\jupyter\tensorflow-yolov4-tflite\Hat416\train\005054_jpg.rf.164761c7dd10ea51a4ee10ec2475e34c.jpg 188,160,209,185,1
B:\jupyter\tensorflow-yolov4-tflite\Hat416\train\001785_jpg.rf.1631bd2dc3f13e845df381a01e317bae.jpg 198,75,332,210,1 198,0,333,74,1
B:\jupyter\tensorflow-yolov4-tflite\Hat416\train\001543_jpg.rf.165529e3715eb43e88a988ad6012384c.jpg 5,147,81,213,1 325,70,379,129,1 255,135,272,154,1 147,63,166,76,1 325,0,380,55,1 147,49,166,62,1
